

B0L000.txt
lyr: 0
ldr: 0

	ladder_z: 0
   +0.9657	   +0.2595	   +0.0015	  -21.2708
   -0.2595	   +0.9657	   +0.0002	  -75.8595
   -0.0011	   -0.0006	   +1.0000	  -70.2878
   +0.0000	   +0.0000	   +0.0000	   +1.0000


	ladder_z: 1
   +0.9654	   +0.2608	   +0.0016	  -21.4610
   -0.2608	   +0.9654	   +0.0005	  -75.9074
   -0.0011	   -0.0009	   +1.0000	 -186.4583
   +0.0000	   +0.0000	   +0.0000	   +1.0000


	ladder_z: 2
   +0.9662	   +0.2577	   +0.0014	  -21.0984
   -0.2577	   +0.9662	   +0.0005	  -75.7666
   -0.0009	   -0.0008	   +1.0000	  +60.7627
   +0.0000	   +0.0000	   +0.0000	   +1.0000


	ladder_z: 3
   +0.9658	   +0.2594	   +0.0012	  -20.9373
   -0.2594	   +0.9658	   +0.0001	  -75.7350
   -0.0009	   -0.0004	   +1.0000	 +176.9448
   +0.0000	   +0.0000	   +0.0000	   +1.0000




B0L001.txt
lyr: 0
ldr: 1

	ladder_z: 0
   +0.7075	   +0.7067	   +0.0004	  -54.9912
   -0.7067	   +0.7075	   -0.0009	  -56.2277
   -0.0008	   +0.0003	   +1.0000	  -70.2548
   +0.0000	   +0.0000	   +0.0000	   +1.0000


	ladder_z: 1
   +0.7052	   +0.7091	   +0.0020	  -55.1114
   -0.7091	   +0.7052	   +0.0006	  -56.1884
   -0.0005	   -0.0018	   +1.0000	 -186.4118
   +0.0000	   +0.0000	   +0.0000	   +1.0000


	ladder_z: 2
   +0.7083	   +0.7059	   +0.0005	  -54.9309
   -0.7059	   +0.7083	   -0.0002	  -56.2487
   -0.0002	   -0.0002	   +1.0000	  +60.8537
   +0.0000	   +0.0000	   +0.0000	   +1.0000


	ladder_z: 3
   +0.7083	   +0.7059	   +0.0001	  -54.8878
   -0.7059	   +0.7083	   -0.0007	  -56.2996
   -0.0004	   +0.0005	   +1.0000	 +177.0416
   +0.0000	   +0.0000	   +0.0000	   +1.0000




B0L002.txt
lyr: 0
ldr: 2

	ladder_z: 0
   +0.2653	   +0.9642	   -0.0007	  -74.2969
   -0.9642	   +0.2653	   +0.0000	  -22.5174
   -0.0003	   +0.0006	   +1.0000	  -70.3836
   +0.0000	   +0.0000	   +0.0000	   +1.0000


	ladder_z: 1
   +0.2645	   +0.9644	   +0.0005	  -74.2839
   -0.9644	   +0.2645	   +0.0003	  -22.5456
   -0.0003	   -0.0006	   +1.0000	 -186.5430
   +0.0000	   +0.0000	   +0.0000	   +1.0000


	ladder_z: 2
   +0.2632	   +0.9647	   +0.0004	  -74.2808
   -0.9647	   +0.2632	   +0.0005	  -22.4711
   -0.0001	   -0.0005	   +1.0000	  +60.7302
   +0.0000	   +0.0000	   +0.0000	   +1.0000


	ladder_z: 3
   +0.2610	   +0.9653	   +0.0001	  -74.2763
   -0.9653	   +0.2610	   +0.0004	  -22.4323
   -0.0001	   -0.0002	   +1.0000	 +176.9022
   +0.0000	   +0.0000	   +0.0000	   +1.0000




B0L003.txt
lyr: 0
ldr: 3

	ladder_z: 0
   -0.2528	   +0.9675	   -0.0006	  -74.2795
   -0.9675	   -0.2528	   +0.0004	  +16.6644
   +0.0005	   +0.0007	   +1.0000	  -70.2205
   +0.0000	   +0.0000	   +0.0000	   +1.0000


	ladder_z: 1
   -0.2536	   +0.9673	   +0.0006	  -74.2753
   -0.9673	   -0.2536	   +0.0001	  +16.6301
   +0.0005	   -0.0005	   +1.0000	 -186.3800
   +0.0000	   +0.0000	   +0.0000	   +1.0000


	ladder_z: 2
   -0.2549	   +0.9670	   +0.0006	  -74.2503
   -0.9670	   -0.2549	   +0.0002	  +16.7002
   +0.0007	   -0.0005	   +1.0000	  +60.8932
   +0.0000	   +0.0000	   +0.0000	   +1.0000


	ladder_z: 3
   -0.2571	   +0.9664	   +0.0003	  -74.2340
   -0.9664	   -0.2571	   +0.0004	  +16.7348
   +0.0007	   -0.0002	   +1.0000	 +177.0652
   +0.0000	   +0.0000	   +0.0000	   +1.0000




B0L004.txt
lyr: 0
ldr: 4

	ladder_z: 0
   -0.6980	   +0.7161	   -0.0000	  -55.2540
   -0.7161	   -0.6980	   +0.0009	  +50.1467
   +0.0007	   +0.0006	   +1.0000	  -70.3478
   +0.0000	   +0.0000	   +0.0000	   +1.0000


	ladder_z: 1
   -0.6965	   +0.7176	   +0.0007	  -55.2848
   -0.7176	   -0.6965	   +0.0000	  +50.0986
   +0.0006	   -0.0004	   +1.0000	 -186.5189
   +0.0000	   +0.0000	   +0.0000	   +1.0000


	ladder_z: 2
   -0.6967	   +0.7174	   +0.0005	  -55.2179
   -0.7174	   -0.6967	   +0.0006	  +50.2318
   +0.0009	   +0.0001	   +1.0000	  +60.7165
   +0.0000	   +0.0000	   +0.0000	   +1.0000


	ladder_z: 3
   -0.6964	   +0.7176	   +0.0001	  -55.1733
   -0.7176	   -0.6964	   +0.0007	  +50.3021
   +0.0007	   +0.0004	   +1.0000	 +176.9079
   +0.0000	   +0.0000	   +0.0000	   +1.0000




B0L005.txt
lyr: 0
ldr: 5

	ladder_z: 0
   -0.9621	   +0.2725	   -0.0001	  -21.2828
   -0.2725	   -0.9621	   +0.0003	  +69.7259
   +0.0001	   +0.0003	   +1.0000	  -70.5138
   +0.0000	   +0.0000	   +0.0000	   +1.0000


	ladder_z: 1
   -0.9636	   +0.2675	   -0.0010	  -21.2918
   -0.2675	   -0.9636	   +0.0003	  +69.6728
   +0.0015	   +0.0006	   +1.0000	 -186.6725
   +0.0000	   +0.0000	   +0.0000	   +1.0000


	ladder_z: 2
   -0.9635	   +0.2678	   -0.0000	  -21.2713
   -0.2678	   -0.9635	   +0.0002	  +69.7555
   +0.0004	   +0.0002	   +1.0000	  +60.5660
   +0.0000	   +0.0000	   +0.0000	   +1.0000


	ladder_z: 3
   -0.9636	   +0.2675	   -0.0003	  -21.2828
   -0.2675	   -0.9636	   +0.0006	  +69.8006
   +0.0002	   +0.0006	   +1.0000	 +176.7625
   +0.0000	   +0.0000	   +0.0000	   +1.0000




B0L006.txt
lyr: 0
ldr: 6

	ladder_z: 0
   -0.9672	   -0.2540	   +0.0002	  +21.8914
   +0.2540	   -0.9672	   -0.0006	  +69.9198
   -0.0003	   -0.0005	   +1.0000	  -70.1302
   +0.0000	   +0.0000	   +0.0000	   +1.0000


	ladder_z: 1
   -0.9671	   -0.2545	   +0.0001	  +21.8862
   +0.2545	   -0.9671	   -0.0020	  +70.0546
   -0.0000	   -0.0019	   +1.0000	 -186.3095
   +0.0000	   +0.0000	   +0.0000	   +1.0000


	ladder_z: 2
   -0.9669	   -0.2552	   -0.0001	  +21.8908
   +0.2552	   -0.9669	   -0.0004	  +69.8695
   -0.0006	   -0.0004	   +1.0000	  +60.9613
   +0.0000	   +0.0000	   +0.0000	   +1.0000


	ladder_z: 3
   -0.9666	   -0.2565	   +0.0004	  +21.9059
   +0.2565	   -0.9666	   +0.0010	  +69.9072
   -0.0005	   +0.0011	   +1.0000	 +177.1374
   +0.0000	   +0.0000	   +0.0000	   +1.0000




B0L007.txt
lyr: 0
ldr: 7

	ladder_z: 0
   -0.7079	   -0.7063	   +0.0002	  +55.6518
   +0.7063	   -0.7079	   -0.0006	  +50.5340
   +0.0013	   -0.0003	   +1.0000	  -70.0864
   +0.0000	   +0.0000	   +0.0000	   +1.0000


	ladder_z: 1
   -0.7081	   -0.7061	   +0.0002	  +55.6292
   +0.7061	   -0.7081	   -0.0010	  +50.6206
   +0.0016	   -0.0005	   +1.0000	 -186.2621
   +0.0000	   +0.0000	   +0.0000	   +1.0000


	ladder_z: 2
   -0.7082	   -0.7060	   +0.0004	  +55.7086
   +0.7060	   -0.7082	   -0.0005	  +50.4645
   +0.0014	   -0.0001	   +1.0000	  +61.0621
   +0.0000	   +0.0000	   +0.0000	   +1.0000


	ladder_z: 3
   -0.7097	   -0.7045	   +0.0006	  +55.7677
   +0.7045	   -0.7097	   -0.0005	  +50.4070
   +0.0015	   +0.0000	   +1.0000	 +177.2245
   +0.0000	   +0.0000	   +0.0000	   +1.0000




B0L008.txt
lyr: 0
ldr: 8

	ladder_z: 0
   -0.2616	   -0.9652	   -0.0001	  +74.9374
   +0.9652	   -0.2616	   -0.0011	  +16.8297
   +0.0013	   -0.0004	   +1.0000	  -70.0504
   +0.0000	   +0.0000	   +0.0000	   +1.0000


	ladder_z: 1
   -0.2624	   -0.9650	   +0.0005	  +74.9165
   +0.9650	   -0.2624	   -0.0009	  +16.9297
   +0.0012	   +0.0003	   +1.0000	 -186.2226
   +0.0000	   +0.0000	   +0.0000	   +1.0000


	ladder_z: 2
   -0.2617	   -0.9652	   +0.0001	  +74.9256
   +0.9652	   -0.2617	   -0.0009	  +16.7012
   +0.0011	   -0.0002	   +1.0000	  +61.0611
   +0.0000	   +0.0000	   +0.0000	   +1.0000


	ladder_z: 3
   -0.2618	   -0.9651	   +0.0003	  +74.9443
   +0.9651	   -0.2618	   -0.0006	  +16.5981
   +0.0009	   +0.0002	   +1.0000	 +177.2190
   +0.0000	   +0.0000	   +0.0000	   +1.0000




B0L009.txt
lyr: 0
ldr: 9

	ladder_z: 0
   +0.2547	   -0.9670	   -0.0001	  +75.0874
   +0.9670	   +0.2547	   -0.0006	  -21.9287
   +0.0015	   +0.0001	   +1.0000	  -70.1953
   +0.0000	   +0.0000	   +0.0000	   +1.0000


	ladder_z: 1
   +0.2539	   -0.9672	   +0.0006	  +75.0523
   +0.9672	   +0.2539	   -0.0006	  -21.8748
   +0.0013	   +0.0008	   +1.0000	 -186.3675
   +0.0000	   +0.0000	   +0.0000	   +1.0000


	ladder_z: 2
   +0.2546	   -0.9670	   +0.0002	  +75.0885
   +0.9670	   +0.2546	   -0.0004	  -21.9852
   +0.0012	   +0.0003	   +1.0000	  +60.9163
   +0.0000	   +0.0000	   +0.0000	   +1.0000


	ladder_z: 3
   +0.2545	   -0.9671	   +0.0006	  +75.1202
   +0.9671	   +0.2545	   -0.0003	  -22.0406
   +0.0011	   +0.0006	   +1.0000	 +177.0743
   +0.0000	   +0.0000	   +0.0000	   +1.0000




B0L010.txt
lyr: 0
ldr: 10

	ladder_z: 0
   +0.7039	   -0.7102	   +0.0010	  +55.7850
   +0.7102	   +0.7040	   -0.0015	  -55.8192
   -0.0061	   +0.0018	   +1.0000	  -70.3002
   +0.0000	   +0.0000	   +0.0000	   +1.0000


	ladder_z: 1
   +0.7037	   -0.7105	   +0.0010	  +55.6543
   +0.7105	   +0.7037	   -0.0006	  -55.6740
   -0.0002	   +0.0011	   +1.0000	 -186.4074
   +0.0000	   +0.0000	   +0.0000	   +1.0000


	ladder_z: 2
   +0.7006	   -0.7136	   -0.0001	  +55.8584
   +0.7136	   +0.7006	   -0.0008	  -55.9520
   +0.0006	   +0.0005	   +1.0000	  +60.8365
   +0.0000	   +0.0000	   +0.0000	   +1.0000


	ladder_z: 3
   +0.7000	   -0.7141	   +0.0004	  +55.8796
   +0.7141	   +0.7000	   -0.0008	  -56.0550
   +0.0001	   +0.0009	   +1.0000	 +177.0094
   +0.0000	   +0.0000	   +0.0000	   +1.0000




B0L011.txt
lyr: 0
ldr: 11

	ladder_z: 0
   +0.9641	   -0.2657	   +0.0011	  +22.1589
   +0.2657	   +0.9641	   -0.0020	  -75.2546
   -0.0006	   +0.0022	   +1.0000	  -70.2194
   +0.0000	   +0.0000	   +0.0000	   +1.0000


	ladder_z: 1
   +0.9641	   -0.2655	   +0.0011	  +22.0377
   +0.2655	   +0.9641	   -0.0020	  -75.0404
   -0.0006	   +0.0022	   +1.0000	 -186.3920
   +0.0000	   +0.0000	   +0.0000	   +1.0000


	ladder_z: 2
   +0.9641	   -0.2655	   +0.0013	  +22.3227
   +0.2655	   +0.9641	   -0.0015	  -75.4718
   -0.0009	   +0.0018	   +1.0000	  +60.9219
   +0.0000	   +0.0000	   +0.0000	   +1.0000


	ladder_z: 3
   +0.9637	   -0.2669	   +0.0009	  +22.4550
   +0.2669	   +0.9637	   -0.0009	  -75.6198
   -0.0007	   +0.0011	   +1.0000	 +177.0878
   +0.0000	   +0.0000	   +0.0000	   +1.0000




B0L100.txt
lyr: 1
ldr: 0

	ladder_z: 0
   +1.0000	   +0.0006	   +0.0010	   -1.8426
   -0.0006	   +1.0000	   +0.0008	  -84.3150
   +0.0009	   -0.0008	   +1.0000	  -70.3653
   +0.0000	   +0.0000	   +0.0000	   +1.0000


	ladder_z: 1
   +1.0000	   +0.0022	   +0.0009	   -1.9521
   -0.0022	   +1.0000	   +0.0011	  -84.4503
   +0.0009	   -0.0011	   +1.0000	 -186.5147
   +0.0000	   +0.0000	   +0.0000	   +1.0000


	ladder_z: 2
   +1.0000	   -0.0021	   +0.0014	   -1.6946
   +0.0021	   +1.0000	   +0.0010	  -84.1999
   +0.0004	   -0.0010	   +1.0000	  +60.7743
   +0.0000	   +0.0000	   +0.0000	   +1.0000


	ladder_z: 3
   +1.0000	   -0.0060	   +0.0013	   -1.5325
   +0.0060	   +1.0000	   +0.0004	  -84.1206
   +0.0006	   -0.0004	   +1.0000	 +176.9432
   +0.0000	   +0.0000	   +0.0000	   +1.0000




B0L101.txt
lyr: 1
ldr: 1

	ladder_z: 0
   +0.8667	   +0.4988	   +0.0010	  -42.4304
   -0.4988	   +0.8667	   +0.0000	  -73.4849
   -0.0011	   -0.0006	   +1.0000	  -70.3656
   +0.0000	   +0.0000	   +0.0000	   +1.0000


	ladder_z: 1
   +0.8684	   +0.4958	   +0.0006	  -42.5301
   -0.4958	   +0.8684	   -0.0007	  -73.4549
   -0.0011	   +0.0003	   +1.0000	 -186.5397
   +0.0000	   +0.0000	   +0.0000	   +1.0000


	ladder_z: 2
   +0.8664	   +0.4993	   +0.0011	  -42.2849
   -0.4993	   +0.8664	   +0.0008	  -73.4229
   -0.0007	   -0.0012	   +1.0000	  +60.7359
   +0.0000	   +0.0000	   +0.0000	   +1.0000


	ladder_z: 3
   +0.8663	   +0.4995	   +0.0011	  -42.1615
   -0.4995	   +0.8663	   +0.0003	  -73.3487
   -0.0010	   -0.0008	   +1.0000	 +176.9202
   +0.0000	   +0.0000	   +0.0000	   +1.0000




B0L102.txt
lyr: 1
ldr: 2

	ladder_z: 0
   +0.5008	   +0.8656	   +0.0003	  -72.1318
   -0.8656	   +0.5008	   +0.0000	  -43.7023
   -0.0009	   -0.0002	   +1.0000	  -70.4318
   +0.0000	   +0.0000	   +0.0000	   +1.0000


	ladder_z: 1
   +0.5027	   +0.8645	   +0.0008	  -72.1608
   -0.8645	   +0.5027	   +0.0004	  -43.7241
   -0.0009	   -0.0009	   +1.0000	 -186.5971
   +0.0000	   +0.0000	   +0.0000	   +1.0000


	ladder_z: 2
   +0.5011	   +0.8654	   +0.0009	  -72.0556
   -0.8654	   +0.5011	   +0.0006	  -43.6849
   -0.0008	   -0.0011	   +1.0000	  +60.6697
   +0.0000	   +0.0000	   +0.0000	   +1.0000


	ladder_z: 3
   +0.5021	   +0.8648	   +0.0007	  -71.9623
   -0.8648	   +0.5021	   +0.0004	  -43.6209
   -0.0008	   -0.0008	   +1.0000	 +176.8232
   +0.0000	   +0.0000	   +0.0000	   +1.0000




B0L103.txt
lyr: 1
ldr: 3

	ladder_z: 0
   +0.0027	   +1.0000	   +0.0001	  -82.9392
   -1.0000	   +0.0027	   +0.0004	   -3.0871
   +0.0007	   -0.0001	   +1.0000	  -70.4159
   +0.0000	   +0.0000	   +0.0000	   +1.0000


	ladder_z: 1
   +0.0049	   +1.0000	   +0.0007	  -82.9551
   -1.0000	   +0.0049	   +0.0004	   -3.1492
   +0.0007	   -0.0007	   +1.0000	 -186.5812
   +0.0000	   +0.0000	   +0.0000	   +1.0000


	ladder_z: 2
   +0.0030	   +1.0000	   +0.0009	  -82.8872
   -1.0000	   +0.0030	   +0.0005	   -3.0448
   +0.0008	   -0.0009	   +1.0000	  +60.6856
   +0.0000	   +0.0000	   +0.0000	   +1.0000


	ladder_z: 3
   +0.0042	   +1.0000	   +0.0006	  -82.7946
   -1.0000	   +0.0042	   +0.0005	   -2.9781
   +0.0008	   -0.0006	   +1.0000	 +176.8391
   +0.0000	   +0.0000	   +0.0000	   +1.0000




B0L104.txt
lyr: 1
ldr: 4

	ladder_z: 0
   -0.4979	   +0.8672	   +0.0000	  -72.2235
   -0.8672	   -0.4979	   +0.0001	  +37.6263
   +0.0009	   +0.0000	   +1.0000	  -70.2726
   +0.0000	   +0.0000	   +0.0000	   +1.0000


	ladder_z: 1
   -0.4960	   +0.8683	   +0.0006	  -72.2399
   -0.8683	   -0.4960	   -0.0002	  +37.6084
   +0.0009	   -0.0006	   +1.0000	 -186.4379
   +0.0000	   +0.0000	   +0.0000	   +1.0000


	ladder_z: 2
   -0.4976	   +0.8674	   +0.0008	  -72.1895
   -0.8674	   -0.4976	   -0.0002	  +37.6054
   +0.0010	   -0.0008	   +1.0000	  +60.8290
   +0.0000	   +0.0000	   +0.0000	   +1.0000


	ladder_z: 3
   -0.4966	   +0.8680	   +0.0005	  -72.1044
   -0.8680	   -0.4966	   -0.0001	  +37.5889
   +0.0010	   -0.0005	   +1.0000	 +176.9824
   +0.0000	   +0.0000	   +0.0000	   +1.0000




B0L105.txt
lyr: 1
ldr: 5

	ladder_z: 0
   -0.8619	   +0.5070	   +0.0005	  -42.3553
   -0.5070	   -0.8619	   +0.0002	  +67.1636
   +0.0005	   -0.0001	   +1.0000	  -70.3414
   +0.0000	   +0.0000	   +0.0000	   +1.0000


	ladder_z: 1
   -0.8629	   +0.5054	   +0.0015	  -42.4488
   -0.5054	   -0.8629	   -0.0022	  +67.2644
   +0.0004	   -0.0027	   +1.0000	 -186.5020
   +0.0000	   +0.0000	   +0.0000	   +1.0000


	ladder_z: 2
   -0.8601	   +0.5101	   -0.0003	  -42.2912
   -0.5101	   -0.8601	   +0.0005	  +67.2111
   -0.0001	   +0.0006	   +1.0000	  +60.8410
   +0.0000	   +0.0000	   +0.0000	   +1.0000


	ladder_z: 3
   -0.8587	   +0.5125	   -0.0011	  -42.3560
   -0.5125	   -0.8587	   +0.0027	  +67.3621
   -0.0057	   +0.0028	   +1.0000	 +176.9470
   +0.0000	   +0.0000	   +0.0000	   +1.0000




B0L106.txt
lyr: 1
ldr: 6

	ladder_z: 0
   -0.9999	   -0.0138	   -0.0003	   +2.4739
   +0.0138	   -0.9999	   -0.0004	  +78.6341
   -0.0003	   -0.0004	   +1.0000	  -70.0004
   +0.0000	   +0.0000	   +0.0000	   +1.0000


	ladder_z: 1
   -0.9999	   -0.0121	   -0.0004	   +2.5168
   +0.0121	   -0.9999	   -0.0011	  +78.7186
   -0.0004	   -0.0011	   +1.0000	 -186.1518
   +0.0000	   +0.0000	   +0.0000	   +1.0000


	ladder_z: 2
   -0.9999	   -0.0119	   +0.0002	   +2.4988
   +0.0119	   -0.9999	   -0.0009	  +78.5473
   +0.0002	   -0.0009	   +1.0000	  +61.1237
   +0.0000	   +0.0000	   +0.0000	   +1.0000


	ladder_z: 3
   -0.9999	   -0.0119	   +0.0003	   +2.5277
   +0.0119	   -0.9999	   +0.0005	  +78.5123
   +0.0003	   +0.0005	   +1.0000	 +177.3079
   +0.0000	   +0.0000	   +0.0000	   +1.0000




B0L107.txt
lyr: 1
ldr: 7

	ladder_z: 0
   -0.8659	   -0.5001	   -0.0001	  +42.8846
   +0.5001	   -0.8659	   +0.0001	  +67.6480
   -0.0008	   -0.0000	   +1.0000	  -70.0546
   +0.0000	   +0.0000	   +0.0000	   +1.0000


	ladder_z: 1
   -0.8668	   -0.4986	   -0.0006	  +42.9303
   +0.4986	   -0.8668	   -0.0006	  +67.6748
   -0.0008	   -0.0008	   +1.0000	 -186.2059
   +0.0000	   +0.0000	   +0.0000	   +1.0000


	ladder_z: 2
   -0.8669	   -0.4984	   -0.0000	  +42.9012
   +0.4984	   -0.8669	   -0.0007	  +67.5895
   -0.0003	   -0.0006	   +1.0000	  +61.0696
   +0.0000	   +0.0000	   +0.0000	   +1.0000


	ladder_z: 3
   -0.8669	   -0.4985	   +0.0008	  +42.9423
   +0.4985	   -0.8669	   +0.0006	  +67.5709
   -0.0002	   +0.0009	   +1.0000	 +177.2538
   +0.0000	   +0.0000	   +0.0000	   +1.0000




B0L108.txt
lyr: 1
ldr: 8

	ladder_z: 0
   -0.5032	   -0.8642	   +0.0010	  +72.6844
   +0.8642	   -0.5032	   +0.0003	  +37.9425
   +0.0010	   +0.0010	   +1.0000	  -70.1553
   +0.0000	   +0.0000	   +0.0000	   +1.0000


	ladder_z: 1
   -0.5037	   -0.8639	   +0.0006	  +72.5979
   +0.8639	   -0.5037	   -0.0003	  +37.9415
   +0.0014	   +0.0004	   +1.0000	 -186.3471
   +0.0000	   +0.0000	   +0.0000	   +1.0000


	ladder_z: 2
   -0.5060	   -0.8625	   -0.0009	  +72.6870
   +0.8625	   -0.5060	   -0.0008	  +37.8646
   +0.0009	   -0.0012	   +1.0000	  +61.0033
   +0.0000	   +0.0000	   +0.0000	   +1.0000


	ladder_z: 3
   -0.5101	   -0.8601	   +0.0003	  +72.6391
   +0.8601	   -0.5101	   -0.0004	  +37.7892
   +0.0012	   +0.0000	   +1.0000	 +177.1687
   +0.0000	   +0.0000	   +0.0000	   +1.0000




B0L109.txt
lyr: 1
ldr: 9

	ladder_z: 0
   -0.0081	   -1.0000	   +0.0004	  +83.5892
   +1.0000	   -0.0081	   -0.0012	   -2.5313
   +0.0009	   +0.0004	   +1.0000	  -70.0757
   +0.0000	   +0.0000	   +0.0000	   +1.0000


	ladder_z: 1
   -0.0072	   -1.0000	   +0.0002	  +83.5840
   +1.0000	   -0.0072	   -0.0010	   -2.4040
   +0.0007	   +0.0002	   +1.0000	 -186.2717
   +0.0000	   +0.0000	   +0.0000	   +1.0000


	ladder_z: 2
   -0.0090	   -1.0000	   +0.0001	  +83.6004
   +1.0000	   -0.0090	   -0.0007	   -2.6644
   +0.0005	   +0.0001	   +1.0000	  +61.0067
   +0.0000	   +0.0000	   +0.0000	   +1.0000


	ladder_z: 3
   -0.0078	   -1.0000	   +0.0017	  +83.6650
   +1.0000	   -0.0078	   -0.0008	   -2.7475
   +0.0005	   +0.0017	   +1.0000	 +177.1857
   +0.0000	   +0.0000	   +0.0000	   +1.0000




B0L110.txt
lyr: 1
ldr: 10

	ladder_z: 0
   +0.4968	   -0.8679	   +0.0003	  +72.8197
   +0.8679	   +0.4968	   -0.0003	  -43.0509
   +0.0003	   +0.0004	   +1.0000	  -70.5252
   +0.0000	   +0.0000	   +0.0000	   +1.0000


	ladder_z: 1
   +0.4963	   -0.8682	   +0.0005	  +72.7918
   +0.8682	   +0.4962	   -0.0005	  -43.0058
   +0.0003	   +0.0007	   +1.0000	 -186.6806
   +0.0000	   +0.0000	   +0.0000	   +1.0000


	ladder_z: 2
   +0.4972	   -0.8676	   +0.0003	  +72.8676
   +0.8676	   +0.4972	   -0.0001	  -43.0556
   +0.0001	   +0.0003	   +1.0000	  +60.5805
   +0.0000	   +0.0000	   +0.0000	   +1.0000


	ladder_z: 3
   +0.4992	   -0.8665	   +0.0005	  +72.9262
   +0.8665	   +0.4992	   -0.0005	  -43.0961
   +0.0003	   +0.0007	   +1.0000	 +176.7588
   +0.0000	   +0.0000	   +0.0000	   +1.0000




B0L111.txt
lyr: 1
ldr: 11

	ladder_z: 0
   +0.8649	   -0.5020	   +0.0009	  +43.2035
   +0.5020	   +0.8649	   -0.0009	  -72.9102
   +0.0005	   +0.0012	   +1.0000	  -70.6133
   +0.0000	   +0.0000	   +0.0000	   +1.0000


	ladder_z: 1
   +0.8643	   -0.5029	   +0.0007	  +43.1036
   +0.5029	   +0.8643	   -0.0002	  -72.8261
   +0.0003	   +0.0005	   +1.0000	 -186.8039
   +0.0000	   +0.0000	   +0.0000	   +1.0000


	ladder_z: 2
   +0.8651	   -0.5016	   +0.0007	  +43.3244
   +0.5016	   +0.8651	   -0.0006	  -73.0505
   +0.0005	   +0.0009	   +1.0000	  +60.4729
   +0.0000	   +0.0000	   +0.0000	   +1.0000


	ladder_z: 3
   +0.8658	   -0.5005	   +0.0007	  +43.4090
   +0.5005	   +0.8658	   -0.0003	  -73.1151
   +0.0003	   +0.0006	   +1.0000	 +176.6577
   +0.0000	   +0.0000	   +0.0000	   +1.0000




B1L000.txt
lyr: 2
ldr: 0

	ladder_z: 0
   +0.9810	   +0.1942	   +0.0013	  -21.1449
   -0.1942	   +0.9810	   +0.0007	 -101.5323
   -0.0011	   -0.0010	   +1.0000	  -70.3697
   +0.0000	   +0.0000	   +0.0000	   +1.0000


	ladder_z: 1
   +0.9811	   +0.1937	   +0.0015	  -21.3135
   -0.1937	   +0.9811	   +0.0015	 -101.6460
   -0.0011	   -0.0017	   +1.0000	 -186.5103
   +0.0000	   +0.0000	   +0.0000	   +1.0000


	ladder_z: 2
   +0.9813	   +0.1926	   +0.0014	  -20.9703
   -0.1926	   +0.9813	   +0.0012	 -101.4111
   -0.0011	   -0.0015	   +1.0000	  +60.6931
   +0.0000	   +0.0000	   +0.0000	   +1.0000


	ladder_z: 3
   +0.9823	   +0.1875	   +0.0013	  -20.8222
   -0.1875	   +0.9823	   +0.0008	 -101.3128
   -0.0011	   -0.0011	   +1.0000	 +176.8376
   +0.0000	   +0.0000	   +0.0000	   +1.0000




B1L001.txt
lyr: 2
ldr: 1

	ladder_z: 0
   +0.8318	   +0.5551	   +0.0015	  -57.3938
   -0.5551	   +0.8318	   +0.0002	  -86.2935
   -0.0016	   -0.0010	   +1.0000	  -70.4454
   +0.0000	   +0.0000	   +0.0000	   +1.0000


	ladder_z: 1
   +0.8320	   +0.5548	   +0.0017	  -57.5832
   -0.5548	   +0.8320	   +0.0007	  -86.3444
   -0.0016	   -0.0015	   +1.0000	 -186.6299
   +0.0000	   +0.0000	   +0.0000	   +1.0000


	ladder_z: 2
   +0.8317	   +0.5553	   +0.0017	  -57.1400
   -0.5553	   +0.8317	   +0.0005	  -86.2683
   -0.0016	   -0.0014	   +1.0000	  +60.7049
   +0.0000	   +0.0000	   +0.0000	   +1.0000


	ladder_z: 3
   +0.8330	   +0.5532	   +0.0013	  -56.9759
   -0.5532	   +0.8330	   -0.0004	  -86.2589
   -0.0018	   -0.0004	   +1.0000	 +176.8781
   +0.0000	   +0.0000	   +0.0000	   +1.0000




B1L002.txt
lyr: 2
ldr: 2

	ladder_z: 0
   +0.5549	   +0.8319	   +0.0007	  -84.9127
   -0.8319	   +0.5549	   -0.0004	  -58.6147
   -0.0005	   -0.0003	   +1.0000	  -70.3331
   +0.0000	   +0.0000	   +0.0000	   +1.0000


	ladder_z: 1
   +0.5553	   +0.8317	   +0.0015	  -85.0419
   -0.8317	   +0.5553	   +0.0001	  -58.5970
   -0.0006	   -0.0013	   +1.0000	 -186.5021
   +0.0000	   +0.0000	   +0.0000	   +1.0000


	ladder_z: 2
   +0.5557	   +0.8314	   +0.0009	  -84.7776
   -0.8314	   +0.5557	   +0.0000	  -58.6170
   -0.0004	   -0.0007	   +1.0000	  +60.7991
   +0.0000	   +0.0000	   +0.0000	   +1.0000


	ladder_z: 3
   +0.5562	   +0.8310	   -0.0004	  -84.7529
   -0.8310	   +0.5562	   -0.0008	  -58.6618
   -0.0003	   +0.0008	   +1.0000	 +176.9493
   +0.0000	   +0.0000	   +0.0000	   +1.0000


InttSensorReader::ReadFile(std::string const& filename)
	Could not produce good stream from file:
	/sphenix/u/jbertaux/sphnx_software/INTT/general_codes/josephb/codes/intt_alignment/dat/sensor_survey_data/B1L003.txt


B1L003.txt
lyr: 2
ldr: 3

	ladder_z: 0
   +0.1980	   +0.9802	   -0.0001	  -99.8056
   -0.9802	   +0.1980	   -0.0002	  -22.6433
   -0.0008	   +0.0002	   +1.0000	  -70.2772
   +0.0000	   +0.0000	   +0.0000	   +1.0000


	ladder_z: 1
   +0.1984	   +0.9801	   +0.0008	  -99.8473
   -0.9801	   +0.1984	   -0.0001	  -22.6183
   -0.0009	   -0.0008	   +1.0000	 -186.4463
   +0.0000	   +0.0000	   +0.0000	   +1.0000


	ladder_z: 2
   +0.1989	   +0.9800	   +0.0002	  -99.7617
   -0.9800	   +0.1989	   +0.0000	  -22.6511
   -0.0007	   -0.0002	   +1.0000	  +60.8551
   +0.0000	   +0.0000	   +0.0000	   +1.0000


	ladder_z: 3
   +0.1995	   +0.9799	   -0.0013	  -99.8269
   -0.9799	   +0.1995	   -0.0002	  -22.6615
   -0.0006	   +0.0013	   +1.0000	 +177.0052
   +0.0000	   +0.0000	   +0.0000	   +1.0000




B1L004.txt
lyr: 2
ldr: 4

	ladder_z: 0
   -0.1910	   +0.9816	   -0.0001	  -99.7538
   -0.9816	   -0.1910	   +0.0000	  +16.4768
   -0.0003	   +0.0001	   +1.0000	  -70.2800
   +0.0000	   +0.0000	   +0.0000	   +1.0000


	ladder_z: 1
   -0.1899	   +0.9818	   +0.0007	  -99.7740
   -0.9818	   -0.1899	   -0.0002	  +16.4929
   -0.0004	   -0.0007	   +1.0000	 -186.4448
   +0.0000	   +0.0000	   +0.0000	   +1.0000


	ladder_z: 2
   -0.1918	   +0.9814	   -0.0001	  -99.7261
   -0.9814	   -0.1918	   -0.0001	  +16.4419
   -0.0004	   +0.0001	   +1.0000	  +60.8221
   +0.0000	   +0.0000	   +0.0000	   +1.0000


	ladder_z: 3
   -0.1900	   +0.9818	   -0.0006	  -99.7816
   -0.9818	   -0.1900	   +0.0000	  +16.4448
   -0.0004	   +0.0006	   +1.0000	 +176.9968
   +0.0000	   +0.0000	   +0.0000	   +1.0000




B1L005.txt
lyr: 2
ldr: 5

	ladder_z: 0
   -0.5574	   +0.8303	   +0.0002	  -84.7796
   -0.8303	   -0.5574	   -0.0002	  +52.4876
   +0.0008	   -0.0003	   +1.0000	  -70.4614
   +0.0000	   +0.0000	   +0.0000	   +1.0000


	ladder_z: 1
   -0.5580	   +0.8298	   +0.0020	  -84.9047
   -0.8298	   -0.5580	   -0.0013	  +52.5700
   -0.0045	   -0.0024	   +1.0000	 -186.5846
   +0.0000	   +0.0000	   +0.0000	   +1.0000


	ladder_z: 2
   -0.5557	   +0.8314	   +0.0004	  -84.7728
   -0.8314	   -0.5557	   -0.0010	  +52.4244
   -0.0001	   -0.0009	   +1.0000	  +60.7968
   +0.0000	   +0.0000	   +0.0000	   +1.0000


	ladder_z: 3
   -0.5519	   +0.8339	   -0.0019	  -84.8421
   -0.8339	   -0.5519	   -0.0003	  +52.3538
   -0.0001	   +0.0014	   +1.0000	 +176.9689
   +0.0000	   +0.0000	   +0.0000	   +1.0000




B1L006.txt
lyr: 2
ldr: 6

	ladder_z: 0
   -0.8289	   +0.5593	   +0.0001	  -57.6246
   -0.5593	   -0.8289	   -0.0001	  +80.2272
   +0.0007	   -0.0001	   +1.0000	  -70.3377
   +0.0000	   +0.0000	   +0.0000	   +1.0000


	ladder_z: 1
   -0.8294	   +0.5586	   -0.0003	  -57.6153
   -0.5586	   -0.8294	   +0.0004	  +80.2112
   +0.0006	   +0.0005	   +1.0000	 -186.4922
   +0.0000	   +0.0000	   +0.0000	   +1.0000


	ladder_z: 2
   -0.8283	   +0.5602	   +0.0003	  -57.6255
   -0.5602	   -0.8283	   -0.0002	  +80.2435
   +0.0008	   -0.0003	   +1.0000	  +60.7906
   +0.0000	   +0.0000	   +0.0000	   +1.0000


	ladder_z: 3
   -0.8267	   +0.5626	   +0.0003	  -57.5948
   -0.5626	   -0.8267	   +0.0002	  +80.2340
   +0.0010	   -0.0000	   +1.0000	 +176.9529
   +0.0000	   +0.0000	   +0.0000	   +1.0000




B1L007.txt
lyr: 2
ldr: 7

	ladder_z: 0
   -0.9799	   +0.1997	   -0.0003	  -21.4116
   -0.1997	   -0.9799	   +0.0007	  +95.2723
   -0.0004	   +0.0007	   +1.0000	  -70.1568
   +0.0000	   +0.0000	   +0.0000	   +1.0000


	ladder_z: 1
   -0.9795	   +0.2016	   -0.0002	  -21.3769
   -0.2016	   -0.9795	   +0.0008	  +95.1684
   -0.0002	   +0.0008	   +1.0000	 -186.3155
   +0.0000	   +0.0000	   +0.0000	   +1.0000


	ladder_z: 2
   -0.9800	   +0.1992	   -0.0002	  -21.4515
   -0.1992	   -0.9800	   +0.0006	  +95.3420
   -0.0003	   +0.0007	   +1.0000	  +60.9935
   +0.0000	   +0.0000	   +0.0000	   +1.0000


	ladder_z: 3
   -0.9801	   +0.1986	   -0.0003	  -21.4871
   -0.1986	   -0.9801	   +0.0003	  +95.4119
   -0.0004	   +0.0004	   +1.0000	 +177.1562
   +0.0000	   +0.0000	   +0.0000	   +1.0000




B1L008.txt
lyr: 2
ldr: 8

	ladder_z: 0
   -0.9819	   -0.1895	   -0.0003	  +21.9971
   +0.1895	   -0.9819	   -0.0002	  +95.2533
   -0.0003	   -0.0002	   +1.0000	  -69.9397
   +0.0000	   +0.0000	   +0.0000	   +1.0000


	ladder_z: 1
   -0.9825	   -0.1864	   -0.0000	  +22.0232
   +0.1864	   -0.9825	   -0.0000	  +95.2801
   -0.0001	   -0.0000	   +1.0000	 -186.0986
   +0.0000	   +0.0000	   +0.0000	   +1.0000


	ladder_z: 2
   -0.9816	   -0.1911	   -0.0002	  +21.9609
   +0.1911	   -0.9816	   -0.0002	  +95.2191
   -0.0002	   -0.0002	   +1.0000	  +61.2016
   +0.0000	   +0.0000	   +0.0000	   +1.0000


	ladder_z: 3
   -0.9812	   -0.1932	   +0.0000	  +21.9466
   +0.1932	   -0.9812	   -0.0008	  +95.1500
   +0.0001	   -0.0008	   +1.0000	 +177.3664
   +0.0000	   +0.0000	   +0.0000	   +1.0000




B1L009.txt
lyr: 2
ldr: 9

	ladder_z: 0
   -0.8321	   -0.5546	   -0.0000	  +58.1758
   +0.5546	   -0.8321	   -0.0002	  +80.2176
   +0.0009	   -0.0002	   +1.0000	  -70.0844
   +0.0000	   +0.0000	   +0.0000	   +1.0000


	ladder_z: 1
   -0.8329	   -0.5534	   -0.0001	  +58.1915
   +0.5534	   -0.8329	   -0.0007	  +80.2754
   +0.0012	   -0.0006	   +1.0000	 -186.2401
   +0.0000	   +0.0000	   +0.0000	   +1.0000


	ladder_z: 2
   -0.8328	   -0.5535	   -0.0004	  +58.1199
   +0.5535	   -0.8328	   -0.0005	  +80.1780
   +0.0008	   -0.0006	   +1.0000	  +61.0660
   +0.0000	   +0.0000	   +0.0000	   +1.0000


	ladder_z: 3
   -0.8327	   -0.5537	   -0.0002	  +58.1019
   +0.5537	   -0.8327	   -0.0002	  +80.1436
   +0.0008	   -0.0003	   +1.0000	 +177.2489
   +0.0000	   +0.0000	   +0.0000	   +1.0000




B1L010.txt
lyr: 2
ldr: 10

	ladder_z: 0
   -0.5569	   -0.8306	   +0.0007	  +85.7026
   +0.8306	   -0.5569	   -0.0001	  +52.7131
   +0.0005	   +0.0005	   +1.0000	  -70.1127
   +0.0000	   +0.0000	   +0.0000	   +1.0000


	ladder_z: 1
   -0.5584	   -0.8295	   +0.0001	  +85.6531
   +0.8295	   -0.5584	   -0.0003	  +52.7357
   +0.0004	   -0.0001	   +1.0000	 -186.2694
   +0.0000	   +0.0000	   +0.0000	   +1.0000


	ladder_z: 2
   -0.5559	   -0.8312	   -0.0004	  +85.7438
   +0.8312	   -0.5559	   -0.0010	  +52.6539
   +0.0006	   -0.0008	   +1.0000	  +61.0344
   +0.0000	   +0.0000	   +0.0000	   +1.0000


	ladder_z: 3
   -0.5587	   -0.8294	   +0.0001	  +85.7573
   +0.8294	   -0.5587	   -0.0008	  +52.5722
   +0.0007	   -0.0003	   +1.0000	 +177.1966
   +0.0000	   +0.0000	   +0.0000	   +1.0000




B1L011.txt
lyr: 2
ldr: 11

	ladder_z: 0
   -0.1967	   -0.9805	   +0.0006	 +100.5787
   +0.9805	   -0.1967	   -0.0007	  +16.6232
   +0.0007	   +0.0005	   +1.0000	  -70.1162
   +0.0000	   +0.0000	   +0.0000	   +1.0000


	ladder_z: 1
   -0.1972	   -0.9804	   -0.0005	 +100.5275
   +0.9804	   -0.1972	   -0.0008	  +16.6882
   +0.0006	   -0.0006	   +1.0000	 -186.3166
   +0.0000	   +0.0000	   +0.0000	   +1.0000


	ladder_z: 2
   -0.1980	   -0.9802	   +0.0002	 +100.6212
   +0.9802	   -0.1980	   -0.0009	  +16.5199
   +0.0008	   +0.0001	   +1.0000	  +60.9497
   +0.0000	   +0.0000	   +0.0000	   +1.0000


	ladder_z: 3
   -0.2002	   -0.9797	   +0.0007	 +100.6764
   +0.9797	   -0.2002	   -0.0008	  +16.4325
   +0.0008	   +0.0005	   +1.0000	 +177.1097
   +0.0000	   +0.0000	   +0.0000	   +1.0000




B1L012.txt
lyr: 2
ldr: 12

	ladder_z: 0
   +0.1897	   -0.9818	   +0.0009	 +100.5384
   +0.9818	   +0.1897	   -0.0008	  -22.0700
   +0.0006	   +0.0010	   +1.0000	  -70.0887
   +0.0000	   +0.0000	   +0.0000	   +1.0000


	ladder_z: 1
   +0.1902	   -0.9817	   +0.0004	 +100.4657
   +0.9817	   +0.1902	   -0.0008	  -21.9819
   +0.0006	   +0.0005	   +1.0000	 -186.2275
   +0.0000	   +0.0000	   +0.0000	   +1.0000


	ladder_z: 2
   +0.1913	   -0.9815	   +0.0005	 +100.6160
   +0.9815	   +0.1913	   -0.0007	  -22.1586
   +0.0005	   +0.0006	   +1.0000	  +61.0365
   +0.0000	   +0.0000	   +0.0000	   +1.0000


	ladder_z: 3
   +0.1885	   -0.9821	   +0.0011	 +100.6991
   +0.9821	   +0.1885	   -0.0008	  -22.2500
   +0.0006	   +0.0012	   +1.0000	 +177.2221
   +0.0000	   +0.0000	   +0.0000	   +1.0000




B1L013.txt
lyr: 2
ldr: 13

	ladder_z: 0
   +0.5538	   -0.8326	   +0.0011	  +85.7340
   +0.8326	   +0.5538	   -0.0008	  -58.2398
   -0.0003	   +0.0013	   +1.0000	  -70.3254
   +0.0000	   +0.0000	   +0.0000	   +1.0000


	ladder_z: 1
   +0.5541	   -0.8325	   +0.0009	  +85.6250
   +0.8325	   +0.5541	   -0.0007	  -58.1636
   -0.0003	   +0.0011	   +1.0000	 -186.4814
   +0.0000	   +0.0000	   +0.0000	   +1.0000


	ladder_z: 2
   +0.5543	   -0.8323	   +0.0002	  +85.8654
   +0.8323	   +0.5543	   -0.0002	  -58.3028
   -0.0003	   +0.0003	   +1.0000	  +60.8279
   +0.0000	   +0.0000	   +0.0000	   +1.0000


	ladder_z: 3
   +0.5525	   -0.8335	   +0.0010	  +85.9527
   +0.8335	   +0.5525	   -0.0007	  -58.3639
   -0.0004	   +0.0012	   +1.0000	 +176.9976
   +0.0000	   +0.0000	   +0.0000	   +1.0000




B1L014.txt
lyr: 2
ldr: 14

	ladder_z: 0
   +0.8273	   -0.5618	   +0.0009	  +58.1443
   +0.5618	   +0.8273	   -0.0004	  -86.0314
   +0.0006	   +0.0008	   +1.0000	  -70.5025
   +0.0000	   +0.0000	   +0.0000	   +1.0000


	ladder_z: 1
   +0.8267	   -0.5626	   +0.0012	  +58.0222
   +0.5626	   +0.8267	   -0.0010	  -85.9509
   +0.0005	   +0.0015	   +1.0000	 -186.6694
   +0.0000	   +0.0000	   +0.0000	   +1.0000


	ladder_z: 2
   +0.8283	   -0.5603	   +0.0012	  +58.2784
   +0.5603	   +0.8283	   -0.0008	  -86.1497
   +0.0004	   +0.0013	   +1.0000	  +60.6686
   +0.0000	   +0.0000	   +0.0000	   +1.0000


	ladder_z: 3
   +0.8290	   -0.5593	   +0.0016	  +58.4249
   +0.5593	   +0.8289	   -0.0012	  -86.2394
   +0.0004	   +0.0019	   +1.0000	 +176.8178
   +0.0000	   +0.0000	   +0.0000	   +1.0000




B1L015.txt
lyr: 2
ldr: 15

	ladder_z: 0
   +0.9803	   -0.1973	   +0.0021	  +22.0150
   +0.1973	   +0.9803	   -0.0020	 -101.1038
   -0.0003	   +0.0024	   +1.0000	  -70.8161
   +0.0000	   +0.0000	   +0.0000	   +1.0000


	ladder_z: 1
   +0.9801	   -0.1984	   +0.0022	  +21.7665
   +0.1984	   +0.9801	   -0.0028	 -100.8559
   -0.0002	   +0.0032	   +1.0000	 -186.9630
   +0.0000	   +0.0000	   +0.0000	   +1.0000


	ladder_z: 2
   +0.9804	   -0.1972	   +0.0016	  +22.2512
   +0.1972	   +0.9804	   -0.0014	 -101.3382
   +0.0001	   +0.0017	   +1.0000	  +60.4022
   +0.0000	   +0.0000	   +0.0000	   +1.0000


	ladder_z: 3
   +0.9797	   -0.2005	   +0.0013	  +22.4179
   +0.2005	   +0.9797	   -0.0010	 -101.5023
   +0.0002	   +0.0013	   +1.0000	 +176.5613
   +0.0000	   +0.0000	   +0.0000	   +1.0000




B1L100.txt
lyr: 3
ldr: 0

	ladder_z: 0
   +0.9999	   -0.0127	   +0.0013	   -1.5952
   +0.0127	   +0.9999	   +0.0000	 -109.5271
   -0.0007	   -0.0000	   +1.0000	  -70.4348
   +0.0000	   +0.0000	   +0.0000	   +1.0000


	ladder_z: 1
   +0.9999	   -0.0145	   +0.0011	   -1.7344
   +0.0145	   +0.9999	   +0.0002	 -109.5638
   -0.0005	   -0.0002	   +1.0000	 -186.5920
   +0.0000	   +0.0000	   +0.0000	   +1.0000


	ladder_z: 2
   +0.9999	   -0.0113	   +0.0011	   -1.4265
   +0.0113	   +0.9999	   +0.0011	 -109.4131
   -0.0006	   -0.0010	   +1.0000	  +60.8721
   +0.0000	   +0.0000	   +0.0000	   +1.0000


	ladder_z: 3
   +0.9999	   -0.0159	   +0.0014	   -1.2865
   +0.0159	   +0.9999	   -0.0003	 -109.3233
   -0.0008	   +0.0003	   +1.0000	 +177.0114
   +0.0000	   +0.0000	   +0.0000	   +1.0000




B1L101.txt
lyr: 3
ldr: 1

	ladder_z: 0
   +0.9260	   +0.3776	   +0.0012	  -42.4625
   -0.3776	   +0.9260	   +0.0000	 -101.5048
   -0.0013	   -0.0005	   +1.0000	  -70.2411
   +0.0000	   +0.0000	   +0.0000	   +1.0000


	ladder_z: 1
   +0.9265	   +0.3762	   +0.0007	  -42.5915
   -0.3762	   +0.9265	   -0.0009	 -101.4651
   -0.0011	   +0.0006	   +1.0000	 -186.3957
   +0.0000	   +0.0000	   +0.0000	   +1.0000


	ladder_z: 2
   +0.9259	   +0.3777	   +0.0012	  -42.3326
   -0.3777	   +0.9259	   +0.0003	 -101.4580
   -0.0011	   -0.0007	   +1.0000	  +60.9030
   +0.0000	   +0.0000	   +0.0000	   +1.0000


	ladder_z: 3
   +0.9260	   +0.3774	   +0.0011	  -42.1962
   -0.3774	   +0.9260	   -0.0001	 -101.4451
   -0.0011	   -0.0003	   +1.0000	 +177.0408
   +0.0000	   +0.0000	   +0.0000	   +1.0000




B1L102.txt
lyr: 3
ldr: 2

	ladder_z: 0
   +0.7082	   +0.7060	   +0.0010	  -77.1104
   -0.7060	   +0.7082	   -0.0004	  -78.3446
   -0.0005	   -0.0004	   +1.0000	  -70.4855
   +0.0000	   +0.0000	   +0.0000	   +1.0000


	ladder_z: 1
   +0.7090	   +0.7052	   +0.0010	  -77.2273
   -0.7052	   +0.7090	   -0.0002	  -78.3167
   -0.0003	   -0.0005	   +1.0000	 -186.6640
   +0.0000	   +0.0000	   +0.0000	   +1.0000


	ladder_z: 2
   +0.7082	   +0.7061	   +0.0007	  -76.9928
   -0.7061	   +0.7082	   +0.0001	  -78.3715
   +0.0000	   -0.0006	   +1.0000	  +60.6244
   +0.0000	   +0.0000	   +0.0000	   +1.0000


	ladder_z: 3
   +0.7066	   +0.7076	   +0.0006	  -76.9184
   -0.7076	   +0.7066	   -0.0003	  -78.3879
   -0.0001	   -0.0002	   +1.0000	 +176.8250
   +0.0000	   +0.0000	   +0.0000	   +1.0000


InttSensorReader::ReadFile(std::string const& filename)
	Could not produce good stream from file:
	/sphenix/u/jbertaux/sphnx_software/INTT/general_codes/josephb/codes/intt_alignment/dat/sensor_survey_data/B1L103.txt


B1L103.txt
lyr: 3
ldr: 3

	ladder_z: 0
   +0.3874	   +0.9219	   +0.0003	 -100.0792
   -0.9219	   +0.3874	   -0.0004	  -43.7780
   -0.0008	   -0.0002	   +1.0000	  -70.5199
   +0.0000	   +0.0000	   +0.0000	   +1.0000


	ladder_z: 1
   +0.3885	   +0.9214	   +0.0004	 -100.1318
   -0.9214	   +0.3885	   -0.0003	  -43.7488
   -0.0007	   -0.0003	   +1.0000	 -186.6984
   +0.0000	   +0.0000	   +0.0000	   +1.0000


	ladder_z: 2
   +0.3874	   +0.9219	   +0.0003	 -100.0312
   -0.9219	   +0.3874	   +0.0001	  -43.8014
   -0.0003	   -0.0003	   +1.0000	  +60.5900
   +0.0000	   +0.0000	   +0.0000	   +1.0000


	ladder_z: 3
   +0.3854	   +0.9227	   +0.0000	 -100.0136
   -0.9227	   +0.3854	   -0.0002	  -43.8038
   -0.0005	   +0.0001	   +1.0000	 +176.7907
   +0.0000	   +0.0000	   +0.0000	   +1.0000




B1L104.txt
lyr: 3
ldr: 4

	ladder_z: 0
   +0.0016	   +1.0000	   +0.0001	 -108.2153
   -1.0000	   +0.0016	   -0.0008	   -3.2024
   -0.0002	   -0.0001	   +1.0000	  -70.4880
   +0.0000	   +0.0000	   +0.0000	   +1.0000


	ladder_z: 1
   +0.0007	   +1.0000	   +0.0003	 -108.2347
   -1.0000	   +0.0007	   -0.0008	   -3.1134
   -0.0002	   -0.0003	   +1.0000	 -186.6469
   +0.0000	   +0.0000	   +0.0000	   +1.0000


	ladder_z: 2
   +0.0023	   +1.0000	   -0.0002	 -108.2315
   -1.0000	   +0.0023	   -0.0006	   -3.2754
   +0.0000	   +0.0002	   +1.0000	  +60.5986
   +0.0000	   +0.0000	   +0.0000	   +1.0000


	ladder_z: 3
   +0.0024	   +1.0000	   +0.0006	 -108.2133
   -1.0000	   +0.0024	   -0.0007	   -3.3483
   -0.0000	   -0.0006	   +1.0000	 +176.7794
   +0.0000	   +0.0000	   +0.0000	   +1.0000




B1L105.txt
lyr: 3
ldr: 5

	ladder_z: 0
   -0.3761	   +0.9266	   -0.0005	  -99.9930
   -0.9266	   -0.3761	   -0.0003	  +37.5892
   -0.0003	   +0.0004	   +1.0000	  -70.4878
   +0.0000	   +0.0000	   +0.0000	   +1.0000


	ladder_z: 1
   -0.3762	   +0.9265	   -0.0012	  -99.9025
   -0.9265	   -0.3762	   +0.0001	  +37.6089
   -0.0001	   +0.0011	   +1.0000	 -186.6535
   +0.0000	   +0.0000	   +0.0000	   +1.0000


	ladder_z: 2
   -0.3768	   +0.9263	   +0.0006	  -99.9927
   -0.9263	   -0.3768	   -0.0008	  +37.5189
   -0.0003	   -0.0008	   +1.0000	  +60.6966
   +0.0000	   +0.0000	   +0.0000	   +1.0000


	ladder_z: 3
   -0.3780	   +0.9258	   +0.0009	  -99.9120
   -0.9258	   -0.3780	   -0.0010	  +37.4152
   -0.0003	   -0.0012	   +1.0000	 +176.8665
   +0.0000	   +0.0000	   +0.0000	   +1.0000




B1L106.txt
lyr: 3
ldr: 6

	ladder_z: 0
   -0.7016	   +0.7125	   -0.0002	  -77.1008
   -0.7125	   -0.7016	   -0.0004	  +72.2482
   -0.0011	   -0.0001	   +1.0000	  -70.7301
   +0.0000	   +0.0000	   +0.0000	   +1.0000


	ladder_z: 1
   -0.7022	   +0.7120	   -0.0003	  -77.0697
   -0.7120	   -0.7022	   -0.0004	  +72.2886
   -0.0012	   -0.0001	   +1.0000	 -186.8749
   +0.0000	   +0.0000	   +0.0000	   +1.0000


	ladder_z: 2
   -0.6991	   +0.7150	   -0.0000	  -77.1526
   -0.7150	   -0.6991	   -0.0004	  +72.2400
   -0.0010	   -0.0002	   +1.0000	  +60.4666
   +0.0000	   +0.0000	   +0.0000	   +1.0000


	ladder_z: 3
   -0.6979	   +0.7162	   +0.0008	  -77.1233
   -0.7162	   -0.6979	   -0.0013	  +72.1506
   -0.0011	   -0.0015	   +1.0000	 +176.6367
   +0.0000	   +0.0000	   +0.0000	   +1.0000




B1L107.txt
lyr: 3
ldr: 7

	ladder_z: 0
   -0.9222	   +0.3867	   -0.0008	  -42.5407
   -0.3867	   -0.9222	   +0.0009	  +95.0970
   -0.0012	   +0.0012	   +1.0000	  -70.4949
   +0.0000	   +0.0000	   +0.0000	   +1.0000


	ladder_z: 1
   -0.9204	   +0.3911	   -0.0002	  -42.4645
   -0.3911	   -0.9204	   -0.0006	  +95.0472
   -0.0012	   -0.0004	   +1.0000	 -186.6800
   +0.0000	   +0.0000	   +0.0000	   +1.0000


	ladder_z: 2
   -0.9219	   +0.3873	   -0.0003	  -42.5714
   -0.3873	   -0.9219	   +0.0000	  +95.0368
   -0.0011	   +0.0002	   +1.0000	  +60.6302
   +0.0000	   +0.0000	   +0.0000	   +1.0000


	ladder_z: 3
   -0.9215	   +0.3883	   -0.0006	  -42.6162
   -0.3883	   -0.9215	   +0.0005	  +95.0609
   -0.0011	   +0.0007	   +1.0000	 +176.7873
   +0.0000	   +0.0000	   +0.0000	   +1.0000




B1L108.txt
lyr: 3
ldr: 8

	ladder_z: 0
   -0.9999	   +0.0156	   -0.0009	   +2.5969
   -0.0156	   -0.9999	   +0.0002	 +103.5361
   -0.0024	   +0.0002	   +1.0000	  -69.9145
   +0.0000	   +0.0000	   +0.0000	   +1.0000


	ladder_z: 1
   -0.9999	   +0.0165	   -0.0008	   +2.6983
   -0.0165	   -0.9999	   +0.0001	 +103.5191
   -0.0022	   +0.0002	   +1.0000	 -186.0632
   +0.0000	   +0.0000	   +0.0000	   +1.0000


	ladder_z: 2
   -0.9999	   +0.0114	   -0.0008	   +2.4837
   -0.0114	   -0.9999	   -0.0001	 +103.5539
   -0.0022	   -0.0001	   +1.0000	  +61.2731
   +0.0000	   +0.0000	   +0.0000	   +1.0000


	ladder_z: 3
   -1.0000	   +0.0068	   -0.0009	   +2.3876
   -0.0068	   -1.0000	   -0.0001	 +103.5462
   -0.0023	   -0.0001	   +1.0000	 +177.4446
   +0.0000	   +0.0000	   +0.0000	   +1.0000




B1L109.txt
lyr: 3
ldr: 9

	ladder_z: 0
   -0.9216	   -0.3881	   -0.0004	  +43.3618
   +0.3881	   -0.9216	   -0.0009	  +95.5533
   +0.0001	   -0.0010	   +1.0000	  -70.0080
   +0.0000	   +0.0000	   +0.0000	   +1.0000


	ladder_z: 1
   -0.9217	   -0.3878	   -0.0007	  +43.4125
   +0.3878	   -0.9217	   -0.0018	  +95.6981
   +0.0004	   -0.0020	   +1.0000	 -186.1563
   +0.0000	   +0.0000	   +0.0000	   +1.0000


	ladder_z: 2
   -0.9220	   -0.3873	   -0.0008	  +43.2748
   +0.3873	   -0.9220	   -0.0009	  +95.4092
   -0.0003	   -0.0011	   +1.0000	  +61.1694
   +0.0000	   +0.0000	   +0.0000	   +1.0000


	ladder_z: 3
   -0.9221	   -0.3870	   -0.0003	  +43.2362
   +0.3870	   -0.9221	   +0.0000	  +95.3534
   +0.0001	   -0.0001	   +1.0000	 +177.3435
