

B0L000.txt
lyr: 0
ldr: 0
	ladder:
 +0.96498729	 +0.26229030	 +0.00143152	-21.23453510
 -0.26229151	 +0.96498858	 +0.00056049	-75.95627403
 -0.00164120	 -0.00091634	 +0.99999882	 -4.73183060
 +0.00000000	 +0.00000000	 +0.00000000	 +1.00000000

	ladder_z: 0
 +0.96573607	 +0.25952420	 +0.00148308	-21.27080745
 -0.25952465	 +0.96573642	 +0.00021375	-75.85948569
 -0.00110278	 -0.00059243	 +0.99999893	-70.28777282
 +0.00000000	 +0.00000000	 +0.00000000	 +1.00000000


	ladder_z: 1
 +0.96539614	 +0.26078534	 +0.00162020	-21.46095601
 -0.26078629	 +0.96539639	 +0.00049288	-75.90735715
 -0.00110308	 -0.00089895	 +0.99999864	-186.45825003
 +0.00000000	 +0.00000000	 +0.00000000	 +1.00000000


	ladder_z: 2
 +0.96621540	 +0.25773481	 +0.00141308	-21.09835165
 -0.25773552	 +0.96621536	 +0.00045445	-75.76659733
 -0.00089000	 -0.00080512	 +0.99999890	+60.76268353
 +0.00000000	 +0.00000000	 +0.00000000	 +1.00000000


	ladder_z: 3
 +0.96576005	 +0.25943625	 +0.00120837	-20.93734687
 -0.25943637	 +0.96576016	 +0.00007066	-75.73495946
 -0.00092585	 -0.00038288	 +0.99999923	+176.94476392
 +0.00000000	 +0.00000000	 +0.00000000	 +1.00000000




B0L001.txt
lyr: 0
ldr: 1
	ladder:
 +0.70599472	 +0.70821062	 +0.00071143	-55.11222172
 -0.70820645	 +0.70600110	 -0.00014136	-56.31630325
 -0.00388222	 -0.00040404	 +0.99999974	 -4.66955566
 +0.00000000	 +0.00000000	 +0.00000000	 +1.00000000

	ladder_z: 0
 +0.70754471	 +0.70666926	 +0.00042743	-54.99116502
 -0.70666938	 +0.70754395	 -0.00089761	-56.22768865
 -0.00077357	 +0.00033244	 +0.99999960	-70.25475143
 +0.00000000	 +0.00000000	 +0.00000000	 +1.00000000


	ladder_z: 1
 +0.70515560	 +0.70905115	 +0.00195948	-55.11141786
 -0.70905376	 +0.70515477	 +0.00057044	-56.18836966
 -0.00048325	 -0.00179130	 +0.99999802	-186.41177477
 +0.00000000	 +0.00000000	 +0.00000000	 +1.00000000


	ladder_z: 2
 +0.70830767	 +0.70590453	 +0.00048670	-54.93090205
 -0.70590525	 +0.70830696	 -0.00016336	-56.24874773
 -0.00022180	 -0.00022877	 +0.99999983	+60.85368570
 +0.00000000	 +0.00000000	 +0.00000000	 +1.00000000


	ladder_z: 3
 +0.70827553	 +0.70593696	 +0.00007313	-54.88777107
 -0.70593739	 +0.70827453	 -0.00071286	-56.29957730
 -0.00037299	 +0.00045238	 +0.99999973	+177.04160482
 +0.00000000	 +0.00000000	 +0.00000000	 +1.00000000




B0L002.txt
lyr: 0
ldr: 2
	ladder:
 +0.25934068	 +0.96578575	 +0.00009374	-74.41496086
 -0.96578477	 +0.25934120	 +0.00030482	-22.54297447
 -0.00148328	 -0.00016959	 +0.99999995	 -4.82528305
 +0.00000000	 +0.00000000	 +0.00000000	 +1.00000000

	ladder_z: 0
 +0.26529608	 +0.96416669	 -0.00066362	-74.29693406
 -0.96416630	 +0.26529642	 +0.00003280	-22.51739609
 -0.00029709	 +0.00063437	 +0.99999974	-70.38355192
 +0.00000000	 +0.00000000	 +0.00000000	 +1.00000000


	ladder_z: 1
 +0.26447412	 +0.96439258	 +0.00051711	-74.28391368
 -0.96439210	 +0.26447421	 +0.00032850	-22.54560835
 -0.00030780	 -0.00058280	 +0.99999977	-186.54303277
 +0.00000000	 +0.00000000	 +0.00000000	 +1.00000000


	ladder_z: 2
 +0.26318112	 +0.96474628	 +0.00042167	-74.28083891
 -0.96474570	 +0.26318115	 +0.00049290	-22.47108336
 -0.00013029	 -0.00053445	 +0.99999984	+60.73021143
 +0.00000000	 +0.00000000	 +0.00000000	 +1.00000000


	ladder_z: 3
 +0.26102118	 +0.96533300	 +0.00011593	-74.27625303
 -0.96533232	 +0.26102135	 +0.00044290	-22.43234152
 -0.00009802	 -0.00022661	 +0.99999996	+176.90217427
 +0.00000000	 +0.00000000	 +0.00000000	 +1.00000000




B0L003.txt
lyr: 0
ldr: 3
	ladder:
 -0.25875396	 +0.96594326	 +0.00017303	-74.39842033
 -0.96594301	 -0.25875395	 +0.00024577	+16.70319508
 -0.00069900	 -0.00010354	 +0.99999995	 -4.66225433
 +0.00000000	 +0.00000000	 +0.00000000	 +1.00000000

	ladder_z: 0
 -0.25278801	 +0.96752150	 -0.00061881	-74.27945736
 -0.96752187	 -0.25278777	 +0.00038925	+16.66439258
 +0.00048758	 +0.00069557	 +0.99999975	-70.22052413
 +0.00000000	 +0.00000000	 +0.00000000	 +1.00000000


	ladder_z: 1
 -0.25361264	 +0.96730571	 +0.00055143	-74.27525543
 -0.96730605	 -0.25361270	 +0.00005442	+16.63010910
 +0.00047681	 -0.00052092	 +0.99999987	-186.38000458
 +0.00000000	 +0.00000000	 +0.00000000	 +1.00000000


	ladder_z: 2
 -0.25490906	 +0.96696488	 +0.00055106	-74.25030092
 -0.96696516	 -0.25490921	 +0.00024451	+16.70020782
 +0.00065424	 -0.00047152	 +0.99999979	+60.89323629
 +0.00000000	 +0.00000000	 +0.00000000	 +1.00000000


	ladder_z: 3
 -0.25707267	 +0.96639204	 +0.00026134	-74.23399120
 -0.96639219	 -0.25707273	 +0.00035422	+16.73479770
 +0.00068637	 -0.00016193	 +0.99999987	+177.06519563
 +0.00000000	 +0.00000000	 +0.00000000	 +1.00000000




B0L004.txt
lyr: 0
ldr: 4
	ladder:
 -0.69805799	 +0.71604094	 +0.00039816	-55.32457352
 -0.71604069	 -0.69805828	 +0.00047225	+50.20666313
 -0.00088331	 +0.00004456	 +0.99999981	 -4.85904694
 +0.00000000	 +0.00000000	 +0.00000000	 +1.00000000

	ladder_z: 0
 -0.69796944	 +0.71612761	 -0.00003878	-55.25403854
 -0.71612740	 -0.69796907	 +0.00088485	+50.14665422
 +0.00072810	 +0.00064536	 +0.99999961	-70.34780455
 +0.00000000	 +0.00000000	 +0.00000000	 +1.00000000


	ladder_z: 1
 -0.69649531	 +0.71756107	 +0.00065944	-55.28475952
 -0.71756127	 -0.69649545	 +0.00004609	+50.09862242
 +0.00063314	 -0.00044130	 +0.99999979	-186.51887524
 +0.00000000	 +0.00000000	 +0.00000000	 +1.00000000


	ladder_z: 2
 -0.69668285	 +0.71737913	 +0.00050385	-55.21794676
 -0.71737893	 -0.69668298	 +0.00060146	+50.23177724
 +0.00090899	 +0.00005739	 +0.99999968	+60.71647962
 +0.00000000	 +0.00000000	 +0.00000000	 +1.00000000


	ladder_z: 3
 -0.69643021	 +0.71762457	 +0.00013310	-55.17332125
 -0.71762436	 -0.69643004	 +0.00072750	+50.30206664
 +0.00074466	 +0.00041092	 +0.99999973	+176.90785667
 +0.00000000	 +0.00000000	 +0.00000000	 +1.00000000




B0L005.txt
lyr: 0
ldr: 5
	ladder:
 -0.96383847	 +0.26648665	 +0.00004670	-21.28449714
 -0.26648675	 -0.96383857	 +0.00029213	+69.88624382
 -0.00045602	 +0.00026912	 +0.99999996	 -4.95652008
 +0.00000000	 +0.00000000	 +0.00000000	 +1.00000000

	ladder_z: 0
 -0.96214457	 +0.27254000	 -0.00007091	-21.28278531
 -0.27254003	 -0.96214439	 +0.00033848	+69.72589113
 +0.00009568	 +0.00034352	 +0.99999996	-70.51378768
 +0.00000000	 +0.00000000	 +0.00000000	 +1.00000000


	ladder_z: 1
 -0.96355101	 +0.26752319	 -0.00102412	-21.29182943
 -0.26752231	 -0.96355124	 +0.00032416	+69.67282126
 +0.00146945	 +0.00058607	 +0.99999966	-186.67248289
 +0.00000000	 +0.00000000	 +0.00000000	 +1.00000000


	ladder_z: 2
 -0.96347393	 +0.26780265	 -0.00001159	-21.27133440
 -0.26780258	 -0.96347376	 +0.00024084	+69.75546062
 +0.00042464	 +0.00023483	 +0.99999999	+60.56595639
 +0.00000000	 +0.00000000	 +0.00000000	 +1.00000000


	ladder_z: 3
 -0.96355918	 +0.26749566	 -0.00030544	-21.28276031
 -0.26749574	 -0.96355885	 +0.00058134	+69.80061441
 +0.00015186	 +0.00064161	 +0.99999985	+176.76245533
 +0.00000000	 +0.00000000	 +0.00000000	 +1.00000000




B0L006.txt
lyr: 0
ldr: 6
	ladder:
 -0.96646857	 -0.25678445	 +0.00012238	+21.92507267
 +0.25678459	 -0.96646863	 -0.00040680	+70.15158272
 -0.00041907	 -0.00036174	 +0.99999991	 -4.57735825
 +0.00000000	 +0.00000000	 +0.00000000	 +1.00000000

	ladder_z: 0
 -0.96721213	 -0.25396935	 +0.00019208	+21.89138473
 +0.25396940	 -0.96721213	 -0.00057777	+69.91976290
 -0.00030027	 -0.00050815	 +0.99999989	-70.13015353
 +0.00000000	 +0.00000000	 +0.00000000	 +1.00000000


	ladder_z: 1
 -0.96706472	 -0.25453011	 +0.00008238	+21.88624007
 +0.25452956	 -0.96706291	 -0.00202710	+70.05463792
 -0.00001920	 -0.00193786	 +0.99999819	-186.30952968
 +0.00000000	 +0.00000000	 +0.00000000	 +1.00000000


	ladder_z: 2
 -0.96688241	 -0.25522179	 -0.00008195	+21.89082138
 +0.25522201	 -0.96688246	 -0.00037001	+69.86954817
 -0.00060561	 -0.00037762	 +0.99999979	+60.96125019
 +0.00000000	 +0.00000000	 +0.00000000	 +1.00000000


	ladder_z: 3
 -0.96655104	 -0.25647360	 +0.00036284	+21.90592928
 +0.25647409	 -0.96655061	 +0.00104431	+69.90718030
 -0.00053822	 +0.00110265	 +0.99999930	+177.13743490
 +0.00000000	 +0.00000000	 +0.00000000	 +1.00000000




B0L007.txt
lyr: 0
ldr: 7
	ladder:
 -0.70718882	 -0.70702472	 +0.00027203	+55.69847298
 +0.70702461	 -0.70718879	 -0.00060589	+50.55721569
 +0.00042928	 -0.00023615	 +0.99999978	 -4.50144577
 +0.00000000	 +0.00000000	 +0.00000000	 +1.00000000

	ladder_z: 0
 -0.70791026	 -0.70630242	 +0.00024590	+55.65175525
 +0.70630202	 -0.70791018	 -0.00060641	+50.53401576
 +0.00134236	 -0.00025632	 +0.99999980	-70.08639770
 +0.00000000	 +0.00000000	 +0.00000000	 +1.00000000


	ladder_z: 1
 -0.70814286	 -0.70606922	 +0.00024205	+55.62918725
 +0.70606855	 -0.70814262	 -0.00099135	+50.62059896
 +0.00159392	 -0.00053206	 +0.99999930	-186.26212461
 +0.00000000	 +0.00000000	 +0.00000000	 +1.00000000


	ladder_z: 2
 -0.70824708	 -0.70596460	 +0.00038360	+55.70861962
 +0.70596424	 -0.70824711	 -0.00052553	+50.46448363
 +0.00138282	 -0.00010245	 +0.99999977	+61.06212805
 +0.00000000	 +0.00000000	 +0.00000000	 +1.00000000


	ladder_z: 3
 -0.70973759	 -0.70446597	 +0.00057545	+55.76771916
 +0.70446561	 -0.70973776	 -0.00052062	+50.40698664
 +0.00150540	 +0.00003334	 +0.99999959	+177.22447624
 +0.00000000	 +0.00000000	 +0.00000000	 +1.00000000




B0L008.txt
lyr: 0
ldr: 8
	ladder:
 -0.26132585	 -0.96525064	 +0.00024810	+75.15046692
 +0.96525059	 -0.26132587	 -0.00097507	+16.82193230
 -0.00030809	 -0.00001533	 +0.99999949	 -4.48202896
 +0.00000000	 +0.00000000	 +0.00000000	 +1.00000000

	ladder_z: 0
 -0.26161205	 -0.96517312	 -0.00008749	+74.93739980
 +0.96517257	 -0.26161176	 -0.00113428	+16.82968211
 +0.00132427	 -0.00038125	 +0.99999934	-70.05041606
 +0.00000000	 +0.00000000	 +0.00000000	 +1.00000000


	ladder_z: 1
 -0.26237960	 -0.96496459	 +0.00053996	+74.91651300
 +0.96496434	 -0.26237997	 -0.00085079	+16.92973277
 +0.00119634	 +0.00029757	 +0.99999950	-186.22260425
 +0.00000000	 +0.00000000	 +0.00000000	 +1.00000000


	ladder_z: 2
 -0.26165597	 -0.96516121	 +0.00005556	+74.92557069
 +0.96516090	 -0.26165589	 -0.00088203	+16.70118101
 +0.00110375	 -0.00017724	 +0.99999964	+61.06111393
 +0.00000000	 +0.00000000	 +0.00000000	 +1.00000000


	ladder_z: 3
 -0.26182048	 -0.96511654	 +0.00033348	+74.94429200
 +0.96511642	 -0.26182063	 -0.00059105	+16.59814728
 +0.00093386	 +0.00016698	 +0.99999985	+177.21902919
 +0.00000000	 +0.00000000	 +0.00000000	 +1.00000000




B0L009.txt
lyr: 0
ldr: 9
	ladder:
 +0.25497784	 -0.96694678	 +0.00030424	+75.30591774
 +0.96694688	 +0.25497789	 -0.00059597	-22.01720273
 -0.00016726	 +0.00044615	 +0.99999978	 -4.62696838
 +0.00000000	 +0.00000000	 +0.00000000	 +1.00000000

	ladder_z: 0
 +0.25469182	 -0.96702241	 -0.00006604	+75.08737525
 +0.96702263	 +0.25469131	 -0.00056656	-21.92865696
 +0.00146524	 +0.00008018	 +0.99999978	-70.19527995
 +0.00000000	 +0.00000000	 +0.00000000	 +1.00000000


	ladder_z: 1
 +0.25392263	 -0.96722447	 +0.00061919	+75.05231167
 +0.96722496	 +0.25392173	 -0.00063382	-21.87484340
 +0.00133767	 +0.00075889	 +0.99999965	-186.36750496
 +0.00000000	 +0.00000000	 +0.00000000	 +1.00000000


	ladder_z: 2
 +0.25464780	 -0.96703398	 +0.00018378	+75.08849109
 +0.96703433	 +0.25464720	 -0.00041929	-21.98523919
 +0.00124474	 +0.00028419	 +1.00000002	+60.91630843
 +0.00000000	 +0.00000000	 +0.00000000	 +1.00000000


	ladder_z: 3
 +0.25448294	 -0.96707724	 +0.00056979	+75.12018163
 +0.96707778	 +0.25448226	 -0.00030572	-22.04056338
 +0.00107492	 +0.00062839	 +1.00000009	+177.07426151
 +0.00000000	 +0.00000000	 +0.00000000	 +1.00000000




B0L010.txt
lyr: 0
ldr: 10
	ladder:
 +0.70440173	 -0.70980049	 +0.00054851	+55.88933754
 +0.70980127	 +0.70440189	 -0.00102913	-55.97888756
 -0.00059760	 +0.00111426	 +0.99999932	 -4.69658661
 +0.00000000	 +0.00000000	 +0.00000000	 +1.00000000

	ladder_z: 0
 +0.70393339	 -0.71024443	 +0.00098669	+55.78504175
 +0.71024020	 +0.70395288	 -0.00154363	-55.81915882
 -0.00609551	 +0.00178747	 +0.99999832	-70.30015917
 +0.00000000	 +0.00000000	 +0.00000000	 +1.00000000


	ladder_z: 1
 +0.70366775	 -0.71052853	 +0.00099595	+55.65433421
 +0.71052911	 +0.70366748	 -0.00060653	-55.67401687
 -0.00019570	 +0.00113449	 +0.99999929	-186.40741256
 +0.00000000	 +0.00000000	 +0.00000000	 +1.00000000


	ladder_z: 2
 +0.70058579	 -0.71356811	 -0.00008591	+55.85839023
 +0.71356784	 +0.70058570	 -0.00076653	-55.95199989
 +0.00061091	 +0.00047597	 +0.99999971	+60.83648129
 +0.00000000	 +0.00000000	 +0.00000000	 +1.00000000


	ladder_z: 3
 +0.70004901	 -0.71409457	 +0.00043917	+55.87956579
 +0.71409474	 +0.70004869	 -0.00081661	-56.05501958
 +0.00013765	 +0.00088556	 +0.99999957	+177.00937489
 +0.00000000	 +0.00000000	 +0.00000000	 +1.00000000




B0L011.txt
lyr: 0
ldr: 11
	ladder:
 +0.96445109	 -0.26426023	 +0.00112583	+22.25366735
 +0.26426121	 +0.96444981	 -0.00151756	-75.39304924
 -0.00034242	 +0.00176113	 +0.99999821	 -4.63855743
 +0.00000000	 +0.00000000	 +0.00000000	 +1.00000000

	ladder_z: 0
 +0.96405945	 -0.26568428	 +0.00105728	+22.15889056
 +0.26568606	 +0.96405765	 -0.00196233	-75.25455263
 -0.00058866	 +0.00217286	 +0.99999753	-70.21935661
 +0.00000000	 +0.00000000	 +0.00000000	 +1.00000000


	ladder_z: 1
 +0.96409862	 -0.26554196	 +0.00111739	+22.03765370
 +0.26554386	 +0.96409669	 -0.00202246	-75.04036887
 -0.00060867	 +0.00224670	 +0.99999734	-186.39201684
 +0.00000000	 +0.00000000	 +0.00000000	 +1.00000000


	ladder_z: 2
 +0.96411644	 -0.26547649	 +0.00125898	+22.32268893
 +0.26547841	 +0.96411563	 -0.00153180	-75.47183841
 -0.00090612	 +0.00181119	 +0.99999802	+60.92185108
 +0.00000000	 +0.00000000	 +0.00000000	 +1.00000000


	ladder_z: 3
 +0.96372958	 -0.26687896	 +0.00088643	+22.45500814
 +0.26687990	 +0.96372938	 -0.00093628	-75.61977407
 -0.00070142	 +0.00113916	 +0.99999918	+177.08778728
 +0.00000000	 +0.00000000	 +0.00000000	 +1.00000000




B0L100.txt
lyr: 1
ldr: 0
	ladder:
 +0.99999945	 -0.00101270	 +0.00125313	 -1.77164340
 +0.00101245	 +0.99999906	 +0.00092849	-84.35890007
 -0.00026749	 -0.00092722	 +0.99999878	 -4.80298996
 +0.00000000	 +0.00000000	 +0.00000000	 +1.00000000

	ladder_z: 0
 +1.00000147	 +0.00061196	 +0.00095774	 -1.84255409
 -0.00061101	 +0.99999952	 +0.00077379	-84.31495978
 +0.00085608	 -0.00077144	 +0.99999871	-70.36527817
 +0.00000000	 +0.00000000	 +0.00000000	 +1.00000000


	ladder_z: 1
 +0.99999934	 +0.00217960	 +0.00091817	 -1.95208077
 -0.00217886	 +0.99999706	 +0.00106366	-84.45033151
 +0.00092443	 -0.00105990	 +0.99999841	-186.51473402
 +0.00000000	 +0.00000000	 +0.00000000	 +1.00000000


	ladder_z: 2
 +0.99999888	 -0.00214941	 +0.00138002	 -1.69462079
 +0.00214969	 +0.99999716	 +0.00103217	-84.19992757
 +0.00044646	 -0.00103125	 +0.99999874	+60.77429468
 +0.00000000	 +0.00000000	 +0.00000000	 +1.00000000


	ladder_z: 3
 +0.99998312	 -0.00603429	 +0.00128014	 -1.53246768
 +0.00603544	 +0.99998170	 +0.00041720	-84.12058454
 +0.00055172	 -0.00041852	 +0.99999914	+176.94316775
 +0.00000000	 +0.00000000	 +0.00000000	 +1.00000000




B0L101.txt
lyr: 1
ldr: 1
	ladder:
 +0.86587269	 +0.50026361	 +0.00120396	-42.38649702
 -0.50026415	 +0.86587268	 +0.00035494	-73.49328232
 -0.00050605	 -0.00090963	 +0.99999921	 -4.81195068
 +0.00000000	 +0.00000000	 +0.00000000	 +1.00000000

	ladder_z: 0
 +0.86672152	 +0.49879098	 +0.00103969	-42.43035721
 -0.49879143	 +0.86672213	 +0.00004011	-73.48486964
 -0.00109531	 -0.00055295	 +0.99999946	-70.36558801
 +0.00000000	 +0.00000000	 +0.00000000	 +1.00000000


	ladder_z: 1
 +0.86841106	 +0.49584426	 +0.00062082	-42.53010616
 -0.49584398	 +0.86841140	 -0.00072985	-73.45485106
 -0.00112422	 +0.00032719	 +0.99999953	-186.53972368
 +0.00000000	 +0.00000000	 +0.00000000	 +1.00000000


	ladder_z: 2
 +0.86643274	 +0.49929242	 +0.00106777	-42.28487545
 -0.49929339	 +0.86643268	 +0.00079191	-73.42286255
 -0.00072222	 -0.00121901	 +0.99999920	+60.73594430
 +0.00000000	 +0.00000000	 +0.00000000	 +1.00000000


	ladder_z: 3
 +0.86630767	 +0.49950937	 +0.00106131	-42.16154089
 -0.49951005	 +0.86630811	 +0.00032375	-73.34865953
 -0.00097649	 -0.00081040	 +0.99999941	+176.92015666
 +0.00000000	 +0.00000000	 +0.00000000	 +1.00000000




B0L102.txt
lyr: 1
ldr: 2
	ladder:
 +0.49955091	 +0.86628337	 +0.00047536	-72.16355610
 -0.86628230	 +0.49955266	 +0.00017756	-43.72053862
 -0.00196737	 -0.00050049	 +0.99999987	 -4.86534500
 +0.00000000	 +0.00000000	 +0.00000000	 +1.00000000

	ladder_z: 0
 +0.50079193	 +0.86556706	 +0.00025957	-72.13181579
 -0.86556614	 +0.50079298	 +0.00004739	-43.70231225
 -0.00093566	 -0.00024715	 +0.99999996	-70.43184575
 +0.00000000	 +0.00000000	 +0.00000000	 +1.00000000


	ladder_z: 1
 +0.50267929	 +0.86447199	 +0.00081228	-72.16084383
 -0.86447141	 +0.50268019	 +0.00039382	-43.72407131
 -0.00093616	 -0.00089697	 +0.99999961	-186.59711896
 +0.00000000	 +0.00000000	 +0.00000000	 +1.00000000


	ladder_z: 2
 +0.50105764	 +0.86541279	 +0.00093993	-72.05560457
 -0.86541235	 +0.50105835	 +0.00058641	-43.68486869
 -0.00084185	 -0.00110571	 +0.99999949	+60.66971035
 +0.00000000	 +0.00000000	 +0.00000000	 +1.00000000


	ladder_z: 3
 +0.50209953	 +0.86480899	 +0.00066345	-71.96233436
 -0.86480828	 +0.50210040	 +0.00040983	-43.62090756
 -0.00083899	 -0.00077693	 +0.99999979	+176.82315898
 +0.00000000	 +0.00000000	 +0.00000000	 +1.00000000




B0L103.txt
lyr: 1
ldr: 3
	ladder:
 +0.00128386	 +0.99999912	 +0.00032707	-82.98722076
 -0.99999914	 +0.00128395	 +0.00041410	 -3.05448294
 -0.00028222	 -0.00032760	 +0.99999986	 -4.84946442
 +0.00000000	 +0.00000000	 +0.00000000	 +1.00000000

	ladder_z: 0
 +0.00271652	 +0.99999631	 +0.00007512	-82.93924142
 -0.99999634	 +0.00271638	 +0.00040882	 -3.08709661
 +0.00074974	 -0.00007666	 +0.99999992	-70.41594312
 +0.00000000	 +0.00000000	 +0.00000000	 +1.00000000


	ladder_z: 1
 +0.00489837	 +0.99998774	 +0.00072695	-82.95509325
 -0.99998804	 +0.00489795	 +0.00043365	 -3.14923852
 +0.00074961	 -0.00073016	 +0.99999964	-186.58118758
 +0.00000000	 +0.00000000	 +0.00000000	 +1.00000000


	ladder_z: 2
 +0.00302351	 +0.99999499	 +0.00093360	-82.88722834
 -0.99999542	 +0.00302290	 +0.00053699	 -3.04478890
 +0.00084360	 -0.00093575	 +0.99999938	+60.68563339
 +0.00000000	 +0.00000000	 +0.00000000	 +1.00000000


	ladder_z: 3
 +0.00422783	 +0.99999088	 +0.00060590	-82.79464617
 -0.99999105	 +0.00422740	 +0.00052172	 -2.97808771
 +0.00084667	 -0.00060900	 +0.99999965	+176.83905902
 +0.00000000	 +0.00000000	 +0.00000000	 +1.00000000




B0L104.txt
lyr: 1
ldr: 4
	ladder:
 -0.49914109	 +0.86652071	 +0.00024534	-72.26483440
 -0.86652072	 -0.49914106	 -0.00004543	+37.66280937
 -0.00012681	 -0.00023527	 +0.99999997	 -4.70613098
 +0.00000000	 +0.00000000	 +0.00000000	 +1.00000000

	ladder_z: 0
 -0.49789944	 +0.86723479	 +0.00002454	-72.22354058
 -0.86723524	 -0.49789940	 +0.00007604	+37.62632837
 +0.00090529	 +0.00001544	 +1.00000000	-70.27260950
 +0.00000000	 +0.00000000	 +0.00000000	 +1.00000000


	ladder_z: 1
 -0.49600606	 +0.86831887	 +0.00060137	-72.23989111
 -0.86831953	 -0.49600598	 -0.00022854	+37.60837374
 +0.00090535	 -0.00063840	 +0.99999978	-186.43786229
 +0.00000000	 +0.00000000	 +0.00000000	 +1.00000000


	ladder_z: 2
 -0.49763318	 +0.86738721	 +0.00083200	-72.18946049
 -0.86738803	 -0.49763312	 -0.00024244	+37.60542892
 +0.00099917	 -0.00084369	 +0.99999953	+60.82898389
 +0.00000000	 +0.00000000	 +0.00000000	 +1.00000000


	ladder_z: 3
 -0.49658820	 +0.86798612	 +0.00054061	-72.10438708
 -0.86798672	 -0.49658819	 -0.00009173	+37.58894957
 +0.00100236	 -0.00051713	 +0.99999976	+176.98242423
 +0.00000000	 +0.00000000	 +0.00000000	 +1.00000000




B0L105.txt
lyr: 1
ldr: 5
	ladder:
 -0.86313417	 +0.50497450	 +0.00014066	-42.52716064
 -0.50497451	 -0.86313425	 +0.00022453	+67.51334763
 -0.00038843	 +0.00012277	 +0.99999996	 -4.78025818
 +0.00000000	 +0.00000000	 +0.00000000	 +1.00000000

	ladder_z: 0
 -0.86191957	 +0.50704488	 +0.00053847	-42.35529933
 -0.50704489	 -0.86191964	 +0.00017043	+67.16355195
 +0.00054750	 -0.00012635	 +0.99999981	-70.34138237
 +0.00000000	 +0.00000000	 +0.00000000	 +1.00000000


	ladder_z: 1
 -0.86287436	 +0.50541592	 +0.00150013	-42.44876146
 -0.50541846	 -0.86287173	 -0.00221436	+67.26435998
 +0.00042041	 -0.00266896	 +0.99999643	-186.50203377
 +0.00000000	 +0.00000000	 +0.00000000	 +1.00000000


	ladder_z: 2
 -0.86013979	 +0.51005820	 -0.00029699	-42.29123293
 -0.51005840	 -0.86013969	 +0.00051182	+67.21114212
 -0.00012988	 +0.00059117	 +0.99999985	+60.84102733
 +0.00000000	 +0.00000000	 +0.00000000	 +1.00000000


	ladder_z: 3
 -0.85869195	 +0.51245175	 -0.00106432	-42.35603998
 -0.51245940	 -0.85871130	 +0.00268046	+67.36208100
 -0.00570114	 +0.00284636	 +0.99999582	+176.94702169
 +0.00000000	 +0.00000000	 +0.00000000	 +1.00000000




B0L106.txt
lyr: 1
ldr: 6
	ladder:
 -0.99993322	 -0.01153460	 -0.00001898	 +2.52277470
 +0.01153505	 -0.99993327	 -0.00063472	+78.78344345
 -0.00070531	 -0.00063490	 +0.99999980	 -4.44033813
 +0.00000000	 +0.00000000	 +0.00000000	 +1.00000000

	ladder_z: 0
 -0.99990405	 -0.01384830	 -0.00029190	 +2.47394029
 +0.01384842	 -0.99990404	 -0.00035959	+78.63411581
 -0.00030864	 -0.00036367	 +0.99999988	-70.00043346
 +0.00000000	 +0.00000000	 +0.00000000	 +1.00000000


	ladder_z: 1
 -0.99992687	 -0.01208692	 -0.00035627	 +2.51678701
 +0.01208732	 -0.99992630	 -0.00113573	+78.71859402
 -0.00035083	 -0.00113997	 +0.99999928	-186.15178778
 +0.00000000	 +0.00000000	 +0.00000000	 +1.00000000


	ladder_z: 2
 -0.99992935	 -0.01188289	 +0.00016195	 +2.49880966
 +0.01188270	 -0.99992897	 -0.00092532	+78.54725261
 +0.00019633	 -0.00092334	 +0.99999956	+61.12371007
 +0.00000000	 +0.00000000	 +0.00000000	 +1.00000000


	ladder_z: 3
 -0.99992906	 -0.01190492	 +0.00028687	 +2.52774852
 +0.01190512	 -0.99992898	 +0.00054341	+78.51226381
 +0.00029931	 +0.00054677	 +0.99999982	+177.30787765
 +0.00000000	 +0.00000000	 +0.00000000	 +1.00000000




B0L107.txt
lyr: 1
ldr: 7
	ladder:
 -0.86710129	 -0.49813052	 -0.00004250	+43.01875162
 +0.49813050	 -0.86710201	 -0.00032024	+67.76923656
 -0.00116410	 -0.00029885	 +0.99999995	 -4.49449158
 +0.00000000	 +0.00000000	 +0.00000000	 +1.00000000

	ladder_z: 0
 -0.86594657	 -0.50013555	 -0.00014641	+42.88463254
 +0.50013544	 -0.86594713	 +0.00005310	+67.64802414
 -0.00076821	 -0.00002868	 +0.99999982	-70.05455431
 +0.00000000	 +0.00000000	 +0.00000000	 +1.00000000


	ladder_z: 1
 -0.86682609	 -0.49860932	 -0.00058142	+42.93028992
 +0.49860950	 -0.86682645	 -0.00059289	+67.67476954
 -0.00080980	 -0.00080418	 +0.99999945	-186.20591117
 +0.00000000	 +0.00000000	 +0.00000000	 +1.00000000


	ladder_z: 2
 -0.86692797	 -0.49843248	 -0.00002642	+42.90116334
 +0.49843225	 -0.86692832	 -0.00066218	+67.58950625
 -0.00026258	 -0.00058745	 +0.99999990	+61.06962250
 +0.00000000	 +0.00000000	 +0.00000000	 +1.00000000


	ladder_z: 3
 -0.86691674	 -0.49845131	 +0.00079949	+42.94232456
 +0.49845170	 -0.86691725	 +0.00055874	+67.57092386
 -0.00015960	 +0.00088265	 +0.99999971	+177.25380839
 +0.00000000	 +0.00000000	 +0.00000000	 +1.00000000




B0L108.txt
lyr: 1
ldr: 8
	ladder:
 -0.50160926	 -0.86509426	 +0.00005654	+72.80842400
 +0.86509395	 -0.50160931	 -0.00039812	+37.98120213
 +0.00077834	 -0.00015079	 +0.99999992	 -4.54802322
 +0.00000000	 +0.00000000	 +0.00000000	 +1.00000000

	ladder_z: 0
 -0.50315055	 -0.86419814	 +0.00100148	+72.68444539
 +0.86419839	 -0.50315061	 +0.00031382	+37.94248875
 +0.00097979	 +0.00102213	 +0.99999955	-70.15529714
 +0.00000000	 +0.00000000	 +0.00000000	 +1.00000000


	ladder_z: 1
 -0.50368118	 -0.86388932	 +0.00060478	+72.59789752
 +0.86388901	 -0.50368154	 -0.00028217	+37.94145703
 +0.00137492	 +0.00037865	 +0.99999965	-186.34714103
 +0.00000000	 +0.00000000	 +0.00000000	 +1.00000000


	ladder_z: 2
 -0.50599786	 -0.86253420	 -0.00085413	+72.68698013
 +0.86253437	 -0.50599743	 -0.00084149	+37.86459943
 +0.00085802	 -0.00116608	 +0.99999933	+61.00334153
 +0.00000000	 +0.00000000	 +0.00000000	 +1.00000000


	ladder_z: 3
 -0.51010219	 -0.86011371	 +0.00031727	+72.63907975
 +0.86011329	 -0.51010235	 -0.00042968	+37.78923584
 +0.00124177	 +0.00004678	 +0.99999975	+177.16866224
 +0.00000000	 +0.00000000	 +0.00000000	 +1.00000000




B0L109.txt
lyr: 1
ldr: 9
	ladder:
 -0.00323509	 -0.99999477	 +0.00006740	+83.77506065
 +0.99999473	 -0.00323507	 -0.00088847	 -2.55678248
 -0.00028369	 +0.00006452	 +0.99999960	 -4.52618027
 +0.00000000	 +0.00000000	 +0.00000000	 +1.00000000

	ladder_z: 0
 -0.00808951	 -0.99996721	 +0.00038301	+83.58919012
 +0.99996651	 -0.00808995	 -0.00119235	 -2.53128383
 +0.00092728	 +0.00037473	 +0.99999930	-70.07573311
 +0.00000000	 +0.00000000	 +0.00000000	 +1.00000000


	ladder_z: 1
 -0.00723734	 -0.99997378	 +0.00024695	+83.58400080
 +0.99997324	 -0.00723757	 -0.00101015	 -2.40399738
 +0.00074280	 +0.00024077	 +0.99999949	-186.27173336
 +0.00000000	 +0.00000000	 +0.00000000	 +1.00000000


	ladder_z: 2
 -0.00899851	 -0.99995951	 +0.00007142	+83.60041129
 +0.99995918	 -0.00899854	 -0.00074686	 -2.66437773
 +0.00048647	 +0.00006633	 +0.99999968	+61.00668451
 +0.00000000	 +0.00000000	 +0.00000000	 +1.00000000


	ladder_z: 3
 -0.00783954	 -0.99996788	 +0.00166673	+83.66495958
 +0.99996890	 -0.00784087	 -0.00076467	 -2.74753708
 +0.00052973	 +0.00166199	 +0.99999829	+177.18571205
 +0.00000000	 +0.00000000	 +0.00000000	 +1.00000000




B0L110.txt
lyr: 1
ldr: 10
	ladder:
 +0.49839851	 -0.86694765	 +0.00039209	+72.94322395
 +0.86694772	 +0.49839893	 -0.00036159	-43.11257362
 -0.00076126	 +0.00052014	 +0.99999986	 -4.99981308
 +0.00000000	 +0.00000000	 +0.00000000	 +1.00000000

	ladder_z: 0
 +0.49679275	 -0.86786920	 +0.00031505	+72.81971473
 +0.86786927	 +0.49679256	 -0.00033896	-43.05091350
 +0.00027566	 +0.00044165	 +0.99999989	-70.52519719
 +0.00000000	 +0.00000000	 +0.00000000	 +1.00000000


	ladder_z: 1
 +0.49625015	 -0.86817950	 +0.00048272	+72.79182238
 +0.86817964	 +0.49624985	 -0.00048909	-43.00581230
 +0.00030648	 +0.00066157	 +0.99999976	-186.68064359
 +0.00000000	 +0.00000000	 +0.00000000	 +1.00000000


	ladder_z: 2
 +0.49722649	 -0.86762079	 +0.00026658	+72.86762373
 +0.86762086	 +0.49722640	 -0.00006568	-43.05562604
 +0.00006668	 +0.00026383	 +0.99999998	+60.58050958
 +0.00000000	 +0.00000000	 +0.00000000	 +1.00000000


	ladder_z: 3
 +0.49915720	 -0.86651135	 +0.00053185	+72.92622963
 +0.86651150	 +0.49915687	 -0.00049733	-43.09612215
 +0.00031862	 +0.00070918	 +0.99999973	+176.75880344
 +0.00000000	 +0.00000000	 +0.00000000	 +1.00000000




B0L111.txt
lyr: 1
ldr: 11
	ladder:
 +0.86479245	 -0.50212926	 +0.00082892	+43.31514645
 +0.50212948	 +0.86479209	 -0.00058483	-73.02123070
 -0.00000158	 +0.00092198	 +0.99999949	 -5.04623795
 +0.00000000	 +0.00000000	 +0.00000000	 +1.00000000

	ladder_z: 0
 +0.86486438	 -0.50200585	 +0.00088183	+43.20353986
 +0.50200607	 +0.86486333	 -0.00092798	-72.91023221
 +0.00046474	 +0.00124536	 +0.99999909	-70.61329257
 +0.00000000	 +0.00000000	 +0.00000000	 +1.00000000


	ladder_z: 1
 +0.86431621	 -0.50294943	 +0.00065139	+43.10363560
 +0.50294918	 +0.86431569	 -0.00022185	-72.82610724
 +0.00032978	 +0.00051865	 +0.99999978	-186.80385882
 +0.00000000	 +0.00000000	 +0.00000000	 +1.00000000


	ladder_z: 2
 +0.86508687	 -0.50162264	 +0.00069141	+43.32444531
 +0.50162258	 +0.86508607	 -0.00064347	-73.05051013
 +0.00049172	 +0.00090392	 +0.99999944	+60.47286411
 +0.00000000	 +0.00000000	 +0.00000000	 +1.00000000


	ladder_z: 3
 +0.86575277	 -0.50047246	 +0.00069065	+43.40904743
 +0.50047229	 +0.86575224	 -0.00030734	-73.11505046
 +0.00031054	 +0.00061317	 +0.99999973	+176.65769634
 +0.00000000	 +0.00000000	 +0.00000000	 +1.00000000




B1L000.txt
lyr: 2
ldr: 0
	ladder:
 +0.98057138	 +0.19614546	 +0.00145700	-21.07955611
 -0.19614775	 +0.98057413	 +0.00088688	-101.43824959
 -0.00241411	 -0.00115544	 +0.99999855	 -4.83695984
 +0.00000000	 +0.00000000	 +0.00000000	 +1.00000000

	ladder_z: 0
 +0.98096435	 +0.19418406	 +0.00128258	-21.14491656
 -0.19418506	 +0.98096464	 +0.00072451	-101.53229555
 -0.00109131	 -0.00095984	 +0.99999891	-70.36973085
 +0.00000000	 +0.00000000	 +0.00000000	 +1.00000000


	ladder_z: 1
 +0.98105468	 +0.19372607	 +0.00147223	-21.31346397
 -0.19372814	 +0.98105414	 +0.00147079	-101.64604385
 -0.00110286	 -0.00172821	 +0.99999783	-186.51027076
 +0.00000000	 +0.00000000	 +0.00000000	 +1.00000000


	ladder_z: 2
 +0.98128291	 +0.19256692	 +0.00140455	-20.97027394
 -0.19256865	 +0.98128273	 +0.00123368	-101.41108863
 -0.00111471	 -0.00148117	 +0.99999825	+60.69307028
 +0.00000000	 +0.00000000	 +0.00000000	 +1.00000000


	ladder_z: 3
 +0.98225467	 +0.18754814	 +0.00127032	-20.82223416
 -0.18754925	 +0.98225484	 +0.00083280	-101.31278583
 -0.00106371	 -0.00105654	 +0.99999884	+176.83756609
 +0.00000000	 +0.00000000	 +0.00000000	 +1.00000000




B1L001.txt
lyr: 2
ldr: 1
	ladder:
 +0.83140599	 +0.55565893	 +0.00168406	-57.35318184
 -0.55565953	 +0.83140973	 +0.00008515	-86.39826202
 -0.00256115	 -0.00100656	 +0.99999858	 -4.87435913
 +0.00000000	 +0.00000000	 +0.00000000	 +1.00000000

	ladder_z: 0
 +0.83175407	 +0.55514046	 +0.00146101	-57.39376213
 -0.55514109	 +0.83175600	 +0.00024253	-86.29346986
 -0.00158032	 -0.00101247	 +0.99999905	-70.44535410
 +0.00000000	 +0.00000000	 +0.00000000	 +1.00000000


	ladder_z: 1
 +0.83195570	 +0.55483744	 +0.00172257	-57.58321775
 -0.55483885	 +0.83195742	 +0.00065925	-86.34444526
 -0.00159070	 -0.00150369	 +0.99999845	-186.62992965
 +0.00000000	 +0.00000000	 +0.00000000	 +1.00000000


	ladder_z: 2
 +0.83165310	 +0.55529111	 +0.00168084	-57.14001159
 -0.55529230	 +0.83165492	 +0.00052295	-86.26832975
 -0.00160182	 -0.00136804	 +0.99999858	+60.70491452
 +0.00000000	 +0.00000000	 +0.00000000	 +1.00000000


	ladder_z: 3
 +0.83304450	 +0.55320262	 +0.00127642	-56.97585501
 -0.55320238	 +0.83304665	 -0.00040760	-86.25894192
 -0.00177457	 -0.00036500	 +0.99999914	+176.87811434
 +0.00000000	 +0.00000000	 +0.00000000	 +1.00000000




B1L002.txt
lyr: 2
ldr: 2
	ladder:
 +0.55326139	 +0.83300703	 +0.00086051	-84.99736595
 -0.83300722	 +0.55326199	 -0.00006714	-58.70614910
 -0.00089351	 -0.00067967	 +0.99999963	 -4.79115295
 +0.00000000	 +0.00000000	 +0.00000000	 +1.00000000

	ladder_z: 0
 +0.55492086	 +0.83190296	 +0.00065725	-84.91271158
 -0.83190301	 +0.55492102	 -0.00035547	-58.61469470
 -0.00054702	 -0.00034972	 +0.99999973	-70.33310084
 +0.00000000	 +0.00000000	 +0.00000000	 +1.00000000


	ladder_z: 1
 +0.55527028	 +0.83166870	 +0.00150022	-85.04186745
 -0.83166976	 +0.55527063	 +0.00009887	-58.59703724
 -0.00062155	 -0.00130283	 +0.99999889	-186.50213147
 +0.00000000	 +0.00000000	 +0.00000000	 +1.00000000


	ladder_z: 2
 +0.55572400	 +0.83136646	 +0.00088617	-84.77763869
 -0.83136684	 +0.55572408	 +0.00002123	-58.61702301
 -0.00036061	 -0.00074884	 +0.99999960	+60.79914313
 +0.00000000	 +0.00000000	 +0.00000000	 +1.00000000


	ladder_z: 3
 +0.55621506	 +0.83103834	 -0.00044222	-84.75292610
 -0.83103840	 +0.55621453	 -0.00080687	-58.66177138
 -0.00030831	 +0.00081593	 +0.99999957	+176.94925421
 +0.00000000	 +0.00000000	 +0.00000000	 +1.00000000


InttSensorReader::ReadFile(std::string const& filename)
	Could not produce good stream from file:
	/sphenix/u/jbertaux/sphnx_software/INTT/general_codes/josephb/codes/intt_alignment/dat/sensor_survey_data/B1L003.txt


B1L003.txt
lyr: 2
ldr: 3
	ladder:
 +0.19603202	 +0.98059742	 +0.00015873	-99.95869255
 -0.98059677	 +0.19603233	 -0.00004083	-22.67299545
 -0.00118987	 -0.00014764	 +0.99999999	 -4.73530960
 +0.00000000	 +0.00000000	 +0.00000000	 +1.00000000

	ladder_z: 0
 +0.19798607	 +0.98020478	 -0.00013869	-99.80556480
 -0.98020424	 +0.19798624	 -0.00023053	-22.64326043
 -0.00084232	 +0.00018289	 +0.99999988	-70.27719452
 +0.00000000	 +0.00000000	 +0.00000000	 +1.00000000


	ladder_z: 1
 +0.19839789	 +0.98012119	 +0.00081360	-99.84727613
 -0.98012095	 +0.19839824	 -0.00012982	-22.61832598
 -0.00091662	 -0.00077010	 +0.99999952	-186.44626968
 +0.00000000	 +0.00000000	 +0.00000000	 +1.00000000


	ladder_z: 2
 +0.19893243	 +0.98001314	 +0.00021599	-99.76172330
 -0.98001263	 +0.19893263	 +0.00003121	-22.65105303
 -0.00065540	 -0.00021594	 +1.00000002	+60.85510624
 +0.00000000	 +0.00000000	 +0.00000000	 +1.00000000


	ladder_z: 3
 +0.19951134	 +0.97989457	 -0.00132722	-99.82691566
 -0.97989494	 +0.19951143	 -0.00023127	-22.66145324
 -0.00060279	 +0.00134900	 +0.99999916	+177.00521803
 +0.00000000	 +0.00000000	 +0.00000000	 +1.00000000




B1L004.txt
lyr: 2
ldr: 4
	ladder:
 -0.19391322	 +0.98101866	 +0.00000961	-99.87411690
 -0.98101763	 -0.19391335	 -0.00019830	+16.48483346
 -0.00144306	 -0.00004788	 +0.99999998	 -4.74007416
 +0.00000000	 +0.00000000	 +0.00000000	 +1.00000000

	ladder_z: 0
 -0.19095268	 +0.98159922	 -0.00013676	-99.75377608
 -0.98159878	 -0.19095275	 +0.00001437	+16.47679838
 -0.00034023	 +0.00013806	 +1.00000005	-70.27999446
 +0.00000000	 +0.00000000	 +0.00000000	 +1.00000000


	ladder_z: 1
 -0.18990435	 +0.98180234	 +0.00069045	-99.77396214
 -0.98180213	 -0.18990431	 -0.00024863	+16.49293250
 -0.00044339	 -0.00072364	 +0.99999976	-186.44482917
 +0.00000000	 +0.00000000	 +0.00000000	 +1.00000000


	ladder_z: 2
 -0.19178909	 +0.98143615	 -0.00009878	-99.72613117
 -0.98143570	 -0.19178916	 -0.00006311	+16.44187816
 -0.00042809	 +0.00008562	 +1.00000003	+60.82214389
 +0.00000000	 +0.00000000	 +0.00000000	 +1.00000000


	ladder_z: 3
 -0.18997100	 +0.98178950	 -0.00061852	-99.78156053
 -0.98178924	 -0.18997107	 +0.00001377	+16.44483444
 -0.00041119	 +0.00061130	 +0.99999984	+176.99680835
 +0.00000000	 +0.00000000	 +0.00000000	 +1.00000000




B1L005.txt
lyr: 2
ldr: 5
	ladder:
 -0.55087135	 +0.83458917	 +0.00007456	-85.08776283
 -0.83458482	 -0.55087270	 -0.00065835	+52.60461617
 -0.00298918	 -0.00042489	 +0.99999978	 -4.78953934
 +0.00000000	 +0.00000000	 +0.00000000	 +1.00000000

	ladder_z: 0
 -0.55736273	 +0.83026922	 +0.00017539	-84.77957712
 -0.83027005	 -0.55736249	 -0.00022101	+52.48762802
 +0.00076466	 -0.00026655	 +0.99999984	-70.46140043
 +0.00000000	 +0.00000000	 +0.00000000	 +1.00000000


	ladder_z: 1
 -0.55801214	 +0.82983276	 +0.00202400	-84.90474208
 -0.82981981	 -0.55800692	 -0.00132910	+52.57001737
 -0.00454232	 -0.00241876	 +0.99999692	-186.58460976
 +0.00000000	 +0.00000000	 +0.00000000	 +1.00000000


	ladder_z: 2
 -0.55568928	 +0.83139017	 +0.00037843	-84.77276536
 -0.83139103	 -0.55568842	 -0.00100618	+52.42436371
 -0.00014275	 -0.00087208	 +0.99999946	+60.79681487
 +0.00000000	 +0.00000000	 +0.00000000	 +1.00000000


	ladder_z: 3
 -0.55185233	 +0.83394096	 -0.00187131	-84.84211624
 -0.83394285	 -0.55185187	 -0.00026818	+52.35377100
 -0.00008875	 +0.00141290	 +0.99999843	+176.96885355
 +0.00000000	 +0.00000000	 +0.00000000	 +1.00000000




B1L006.txt
lyr: 2
ldr: 6
	ladder:
 -0.82957768	 +0.55839082	 -0.00004994	-57.64677429
 -0.55839057	 -0.82957802	 -0.00005869	+80.32876968
 -0.00092344	 -0.00002080	 +1.00000000	 -4.77209854
 +0.00000000	 +0.00000000	 +0.00000000	 +1.00000000

	ladder_z: 0
 -0.82894344	 +0.55933342	 +0.00007206	-57.62460768
 -0.55933389	 -0.82894277	 -0.00005239	+80.22721663
 +0.00069083	 -0.00008447	 +0.99999993	-70.33769863
 +0.00000000	 +0.00000000	 +0.00000000	 +1.00000000


	ladder_z: 1
 -0.82944527	 +0.55858890	 -0.00032407	-57.61532220
 -0.55858944	 -0.82944450	 +0.00039644	+80.21115220
 +0.00063680	 +0.00050969	 +0.99999985	-186.49224479
 +0.00000000	 +0.00000000	 +0.00000000	 +1.00000000


	ladder_z: 2
 -0.82834573	 +0.56021816	 +0.00026727	-57.62553005
 -0.56021867	 -0.82834506	 -0.00016733	+80.24353231
 +0.00077991	 -0.00028977	 +0.99999982	+60.79062071
 +0.00000000	 +0.00000000	 +0.00000000	 +1.00000000


	ladder_z: 3
 -0.82671255	 +0.56262543	 +0.00025422	-57.59482881
 -0.56262586	 -0.82671194	 +0.00016635	+80.23398800
 +0.00099793	 -0.00000882	 +0.99999971	+176.95292940
 +0.00000000	 +0.00000000	 +0.00000000	 +1.00000000




B1L007.txt
lyr: 2
ldr: 7
	ladder:
 -0.98030225	 +0.19750092	 -0.00031621	-21.45320094
 -0.19750132	 -0.98030256	 +0.00047225	+95.42116737
 -0.00085752	 +0.00052540	 +0.99999984	 -4.55662918
 +0.00000000	 +0.00000000	 +0.00000000	 +1.00000000

	ladder_z: 0
 -0.97986017	 +0.19968365	 -0.00033040	-21.41159424
 -0.19968393	 -0.97986015	 +0.00066742	+95.27232671
 -0.00042542	 +0.00072045	 +0.99999973	-70.15675711
 +0.00000000	 +0.00000000	 +0.00000000	 +1.00000000


	ladder_z: 1
 -0.97947038	 +0.20158716	 -0.00018508	-21.37688091
 -0.20158733	 -0.97947022	 +0.00081228	+95.16836770
 -0.00024434	 +0.00083384	 +0.99999970	-186.31552080
 +0.00000000	 +0.00000000	 +0.00000000	 +1.00000000


	ladder_z: 2
 -0.97995986	 +0.19919405	 -0.00023007	-21.45145085
 -0.19919423	 -0.97995984	 +0.00062883	+95.34203682
 -0.00030919	 +0.00066244	 +0.99999980	+60.99349540
 +0.00000000	 +0.00000000	 +0.00000000	 +1.00000000


	ladder_z: 3
 -0.98007061	 +0.19864830	 -0.00032167	-21.48708359
 -0.19864848	 -0.98007076	 +0.00034693	+95.41187420
 -0.00044366	 +0.00040418	 +0.99999988	+177.15619428
 +0.00000000	 +0.00000000	 +0.00000000	 +1.00000000




B1L008.txt
lyr: 2
ldr: 8
	ladder:
 -0.98102630	 -0.19387300	 -0.00022790	+22.01814783
 +0.19387345	 -0.98102642	 -0.00062131	+95.37394905
 -0.00069956	 -0.00065370	 +0.99999978	 -4.38319778
 +0.00000000	 +0.00000000	 +0.00000000	 +1.00000000

	ladder_z: 0
 -0.98187872	 -0.18950980	 -0.00028960	+21.99706178
 +0.18950990	 -0.98187880	 -0.00018537	+95.25331514
 -0.00031687	 -0.00023642	 +0.99999993	-69.93966612
 +0.00000000	 +0.00000000	 +0.00000000	 +1.00000000


	ladder_z: 1
 -0.98247662	 -0.18638543	 -0.00003045	+22.02316599
 +0.18638549	 -0.98247670	 -0.00002584	+95.28013910
 -0.00009964	 -0.00003026	 +1.00000001	-186.09861779
 +0.00000000	 +0.00000000	 +0.00000000	 +1.00000000


	ladder_z: 2
 -0.98156091	 -0.19114916	 -0.00017513	+21.96093277
 +0.19114924	 -0.98156098	 -0.00017032	+95.21906992
 -0.00019356	 -0.00020036	 +0.99999997	+61.20162575
 +0.00000000	 +0.00000000	 +0.00000000	 +1.00000000


	ladder_z: 3
 -0.98115036	 -0.19324547	 +0.00004025	+21.94657959
 +0.19324540	 -0.98115011	 -0.00083513	+95.14996673
 +0.00013202	 -0.00081154	 +0.99999968	+177.36644323
 +0.00000000	 +0.00000000	 +0.00000000	 +1.00000000




B1L009.txt
lyr: 2
ldr: 9
	ladder:
 -0.83151466	 -0.55550280	 -0.00043704	+58.18544197
 +0.55550272	 -0.83151446	 -0.00041120	+80.26292992
 +0.00031234	 -0.00058469	 +0.99999982	 -4.50408173
 +0.00000000	 +0.00000000	 +0.00000000	 +1.00000000

	ladder_z: 0
 -0.83212615	 -0.55458690	 -0.00002815	+58.17575211
 +0.55458654	 -0.83212580	 -0.00017983	+80.21758137
 +0.00091555	 -0.00016616	 +0.99999981	-70.08444043
 +0.00000000	 +0.00000000	 +0.00000000	 +1.00000000


	ladder_z: 1
 -0.83289411	 -0.55343289	 -0.00006135	+58.19152963
 +0.55343243	 -0.83289354	 -0.00070140	+80.27541655
 +0.00117426	 -0.00062020	 +0.99999936	-186.24008627
 +0.00000000	 +0.00000000	 +0.00000000	 +1.00000000


	ladder_z: 2
 -0.83282488	 -0.55353696	 -0.00036726	+58.11992769
 +0.55353671	 -0.83282440	 -0.00046218	+80.17801266
 +0.00081843	 -0.00059015	 +0.99999975	+61.06601865
 +0.00000000	 +0.00000000	 +0.00000000	 +1.00000000


	ladder_z: 3
 -0.83274936	 -0.55365063	 -0.00022246	+58.10189504
 +0.55365031	 -0.83274900	 -0.00018950	+80.14356472
 +0.00077586	 -0.00028281	 +0.99999991	+177.24888227
 +0.00000000	 +0.00000000	 +0.00000000	 +1.00000000




B1L010.txt
lyr: 2
ldr: 10
	ladder:
 -0.55539659	 -0.83158534	 +0.00012998	+85.81761551
 +0.83158490	 -0.55539700	 -0.00035465	+52.71409321
 -0.00109286	 -0.00008889	 +0.99999993	 -4.52209473
 +0.00000000	 +0.00000000	 +0.00000000	 +1.00000000

	ladder_z: 0
 -0.55692662	 -0.83056143	 +0.00066625	+85.70255324
 +0.83056157	 -0.55692682	 -0.00013167	+52.71309243
 +0.00052351	 +0.00047999	 +0.99999977	-70.11267414
 +0.00000000	 +0.00000000	 +0.00000000	 +1.00000000


	ladder_z: 1
 -0.55844491	 -0.82954160	 +0.00013934	+85.65314859
 +0.82954155	 -0.55844492	 -0.00031918	+52.73570485
 +0.00040584	 -0.00006273	 +0.99999994	-186.26936721
 +0.00000000	 +0.00000000	 +0.00000000	 +1.00000000


	ladder_z: 2
 -0.55591666	 -0.83123796	 -0.00035747	+85.74381718
 +0.83123784	 -0.55591614	 -0.00096532	+52.65391115
 +0.00062121	 -0.00083379	 +0.99999947	+61.03435984
 +0.00000000	 +0.00000000	 +0.00000000	 +1.00000000


	ladder_z: 3
 -0.55869926	 -0.82937032	 +0.00013030	+85.75733468
 +0.82937005	 -0.55869918	 -0.00075178	+52.57219727
